Date:	7/12/2012																				
measured by:	Omer	 System:	ambient probe station																		
Test run, Light at 65V ,,,, about one sun																					
Voltage [V]	Current [A]	Voltage [V]	Current [A]	Voltage [V]	Current [A]	Voltage [V]	Current [A]	Voltage [V]	Current [A]	Voltage [V]	Current [A]	Voltage [V]	Current [A]	Voltage [V]	Current [A]	Voltage [V]	Current [A]	Voltage [V]	Current [A]	Voltage [V]	Current [A]
 	0,4Graph Dark	 	0,4Graph Light	 	0,4 Dark	 	0,4 Light	 	0,3 Dark	 	0,3 Light	 	0,3 Dark	 	0,3 Light	 	0,2 Dark low res	 	0,2 Dark	 	0,2 Light
-1,0000	-4,99E-5	-1,0000	-2,93E-3	-1,0000	-7,65E-5	-1,0000	-7,00E-3	-1,0000	-2,69E-5	-1,0000	-2,74E-5	-1,0000	-1,94E-5	-1,0000	-2,10E-3	-1,0000	-1,78E-5	-1,0000	-1,78E-5	-1,0000	-5,25E-3
-0,9900	-5,00E-5	-0,9900	-3,28E-3	-0,9900	-7,49E-5	-0,9900	-7,00E-3	-0,9900	-2,65E-5	-0,9900	-2,70E-5	-0,9900	-1,94E-5	-0,9900	-2,10E-3	-0,9500	-1,67E-5	-0,9900	-1,76E-5	-0,9900	-5,26E-3
-0,9800	-5,00E-5	-0,9800	-3,61E-3	-0,9800	-7,38E-5	-0,9800	-7,01E-3	-0,9800	-2,61E-5	-0,9800	-2,66E-5	-0,9800	-1,92E-5	-0,9800	-2,10E-3	-0,9000	-1,57E-5	-0,9800	-1,74E-5	-0,9800	-5,26E-3
-0,9700	-5,00E-5	-0,9700	-3,92E-3	-0,9700	-7,27E-5	-0,9700	-7,04E-3	-0,9700	-2,57E-5	-0,9700	-2,62E-5	-0,9700	-1,91E-5	-0,9700	-2,10E-3	-0,8500	-1,46E-5	-0,9700	-1,72E-5	-0,9700	-5,26E-3
-0,9600	-5,00E-5	-0,9600	-4,21E-3	-0,9600	-7,15E-5	-0,9600	-7,03E-3	-0,9600	-2,54E-5	-0,9600	-2,59E-5	-0,9600	-1,89E-5	-0,9600	-2,11E-3	-0,8000	-1,35E-5	-0,9600	-1,71E-5	-0,9600	-5,28E-3
-0,9500	-4,98E-5	-0,9500	-4,50E-3	-0,9500	-7,06E-5	-0,9500	-7,03E-3	-0,9500	-2,50E-5	-0,9500	-2,55E-5	-0,9500	-1,87E-5	-0,9500	-2,11E-3	-0,7500	-1,26E-5	-0,9500	-1,68E-5	-0,9500	-5,28E-3
-0,9400	-4,97E-5	-0,9400	-4,76E-3	-0,9400	-6,95E-5	-0,9400	-7,04E-3	-0,9400	-2,46E-5	-0,9400	-2,51E-5	-0,9400	-1,85E-5	-0,9400	-2,11E-3	-0,7000	-1,16E-5	-0,9400	-1,66E-5	-0,9400	-5,27E-3
-0,9300	-4,97E-5	-0,9300	-5,01E-3	-0,9300	-6,84E-5	-0,9300	-7,03E-3	-0,9300	-2,42E-5	-0,9300	-2,48E-5	-0,9300	-1,82E-5	-0,9300	-2,11E-3	-0,6500	-1,06E-5	-0,9300	-1,64E-5	-0,9300	-5,26E-3
-0,9200	-4,96E-5	-0,9200	-5,25E-3	-0,9200	-6,74E-5	-0,9200	-7,03E-3	-0,9200	-2,39E-5	-0,9200	-2,44E-5	-0,9200	-1,80E-5	-0,9200	-2,11E-3	-0,6000	-9,64E-6	-0,9200	-1,62E-5	-0,9200	-5,25E-3
-0,9100	-4,92E-5	-0,9100	-5,47E-3	-0,9100	-6,65E-5	-0,9100	-7,03E-3	-0,9100	-2,35E-5	-0,9100	-2,41E-5	-0,9100	-1,77E-5	-0,9100	-2,10E-3	-0,5500	-8,73E-6	-0,9100	-1,60E-5	-0,9100	-5,25E-3
-0,9000	-4,89E-5	-0,9000	-5,68E-3	-0,9000	-6,55E-5	-0,9000	-7,03E-3	-0,9000	-2,32E-5	-0,9000	-2,37E-5	-0,9000	-1,75E-5	-0,9000	-2,11E-3	-0,5000	-7,86E-6	-0,9000	-1,58E-5	-0,9000	-5,25E-3
-0,8900	-4,85E-5	-0,8900	-5,88E-3	-0,8900	-6,46E-5	-0,8900	-7,05E-3	-0,8900	-2,28E-5	-0,8900	-2,34E-5	-0,8900	-1,73E-5	-0,8900	-2,11E-3	-0,4500	-7,02E-6	-0,8900	-1,55E-5	-0,8900	-5,25E-3
-0,8800	-4,82E-5	-0,8800	-6,06E-3	-0,8800	-6,36E-5	-0,8800	-7,02E-3	-0,8800	-2,25E-5	-0,8800	-2,30E-5	-0,8800	-1,70E-5	-0,8800	-2,11E-3	-0,4000	-6,21E-6	-0,8800	-1,53E-5	-0,8800	-5,27E-3
-0,8700	-4,78E-5	-0,8700	-6,23E-3	-0,8700	-6,26E-5	-0,8700	-7,02E-3	-0,8700	-2,21E-5	-0,8700	-2,26E-5	-0,8700	-1,67E-5	-0,8700	-2,11E-3	-0,3500	-5,44E-6	-0,8700	-1,51E-5	-0,8700	-5,25E-3
-0,8600	-4,73E-5	-0,8600	-6,37E-3	-0,8600	-6,17E-5	-0,8600	-7,04E-3	-0,8600	-2,18E-5	-0,8600	-2,23E-5	-0,8600	-1,63E-5	-0,8600	-2,11E-3	-0,3000	-4,70E-6	-0,8600	-1,49E-5	-0,8600	-5,24E-3
-0,8500	-4,68E-5	-0,8500	-6,50E-3	-0,8500	-6,08E-5	-0,8500	-7,03E-3	-0,8500	-2,14E-5	-0,8500	-2,20E-5	-0,8500	-1,61E-5	-0,8500	-2,12E-3	-0,2500	-3,98E-6	-0,8500	-1,47E-5	-0,8500	-5,23E-3
-0,8400	-4,64E-5	-0,8400	-6,63E-3	-0,8400	-5,99E-5	-0,8400	-7,02E-3	-0,8400	-2,11E-5	-0,8400	-2,17E-5	-0,8400	-1,58E-5	-0,8400	-2,11E-3	-0,2000	-3,29E-6	-0,8400	-1,45E-5	-0,8400	-5,24E-3
-0,8300	-4,60E-5	-0,8300	-6,74E-3	-0,8300	-5,89E-5	-0,8300	-7,01E-3	-0,8300	-2,07E-5	-0,8300	-2,13E-5	-0,8300	-1,56E-5	-0,8300	-2,11E-3	-0,1500	-2,61E-6	-0,8300	-1,42E-5	-0,8300	-5,24E-3
-0,8200	-4,54E-5	-0,8200	-6,83E-3	-0,8200	-5,79E-5	-0,8200	-7,01E-3	-0,8200	-2,04E-5	-0,8200	-2,09E-5	-0,8200	-1,54E-5	-0,8200	-2,11E-3	-0,1000	-1,92E-6	-0,8200	-1,40E-5	-0,8200	-5,23E-3
-0,8100	-4,47E-5	-0,8100	-6,91E-3	-0,8100	-5,72E-5	-0,8100	-7,03E-3	-0,8100	-2,01E-5	-0,8100	-2,06E-5	-0,8100	-1,51E-5	-0,8100	-2,11E-3	-0,0500	-1,12E-6	-0,8100	-1,38E-5	-0,8100	-5,23E-3
-0,8000	-4,43E-5	-0,8000	-6,98E-3	-0,8000	-5,63E-5	-0,8000	-7,01E-3	-0,8000	-1,98E-5	-0,8000	-2,03E-5	-0,8000	-1,43E-5	-0,8000	-2,11E-3	0,0000	2,40E-9	-0,8000	-1,36E-5	-0,8000	-5,26E-3
-0,7900	-4,37E-5	-0,7900	-7,05E-3	-0,7900	-5,54E-5	-0,7900	-7,01E-3	-0,7900	-1,94E-5	-0,7900	-1,99E-5	-0,7900	-1,41E-5	-0,7900	-2,11E-3	0,0500	2,00E-6	-0,7900	-1,34E-5	-0,7900	-5,25E-3
-0,7800	-4,30E-5	-0,7800	-7,07E-3	-0,7800	-5,45E-5	-0,7800	-7,02E-3	-0,7800	-1,91E-5	-0,7800	-1,96E-5	-0,7800	-1,39E-5	-0,7800	-2,11E-3	0,1000	5,99E-6	-0,7800	-1,32E-5	-0,7800	-5,24E-3
-0,7700	-4,24E-5	-0,7700	-7,10E-3	-0,7700	-5,37E-5	-0,7700	-7,03E-3	-0,7700	-1,88E-5	-0,7700	-1,93E-5	-0,7700	-1,37E-5	-0,7700	-2,11E-3	0,1500	1,36E-5	-0,7700	-1,30E-5	-0,7700	-5,23E-3
-0,7600	-4,17E-5	-0,7600	-7,12E-3	-0,7600	-5,28E-5	-0,7600	-7,03E-3	-0,7600	-1,85E-5	-0,7600	-1,90E-5	-0,7600	-1,35E-5	-0,7600	-2,11E-3	0,2000	2,63E-5	-0,7600	-1,28E-5	-0,7600	-5,23E-3
-0,7500	-4,11E-5	-0,7500	-7,13E-3	-0,7500	-5,20E-5	-0,7500	-7,03E-3	-0,7500	-1,82E-5	-0,7500	-1,87E-5	-0,7500	-1,32E-5	-0,7500	-2,10E-3	0,2500	4,44E-5	-0,7500	-1,26E-5	-0,7500	-5,23E-3
-0,7400	-4,06E-5	-0,7400	-7,12E-3	-0,7400	-5,12E-5	-0,7400	-7,04E-3	-0,7400	-1,79E-5	-0,7400	-1,84E-5	-0,7400	-1,30E-5	-0,7400	-2,10E-3	0,3000	6,81E-5	-0,7400	-1,24E-5	-0,7400	-5,22E-3
-0,7300	-3,99E-5	-0,7300	-7,11E-3	-0,7300	-5,03E-5	-0,7300	-7,02E-3	-0,7300	-1,76E-5	-0,7300	-1,80E-5	-0,7300	-1,28E-5	-0,7300	-2,10E-3	0,3500	9,79E-5	-0,7300	-1,22E-5	-0,7300	-5,23E-3
-0,7200	-3,92E-5	-0,7200	-7,09E-3	-0,7200	-4,94E-5	-0,7200	-7,00E-3	-0,7200	-1,72E-5	-0,7200	-1,77E-5	-0,7200	-1,26E-5	-0,7200	-2,10E-3	0,4000	1,35E-4	-0,7200	-1,20E-5	-0,7200	-5,24E-3
-0,7100	-3,86E-5	-0,7100	-7,05E-3	-0,7100	-4,86E-5	-0,7100	-7,01E-3	-0,7100	-1,70E-5	-0,7100	-1,74E-5	-0,7100	-1,24E-5	-0,7100	-2,11E-3	0,4500	1,85E-4	-0,7100	-1,18E-5	-0,7100	-5,24E-3
-0,7000	-3,78E-5	-0,7000	-7,00E-3	-0,7000	-4,78E-5	-0,7000	-7,02E-3	-0,7000	-1,66E-5	-0,7000	-1,71E-5	-0,7000	-1,21E-5	-0,7000	-2,11E-3	0,5000	2,65E-4	-0,7000	-1,16E-5	-0,7000	-5,22E-3
-0,6900	-3,72E-5	-0,6900	-6,94E-3	-0,6900	-4,71E-5	-0,6900	-7,02E-3	-0,6900	-1,63E-5	-0,6900	-1,68E-5	-0,6900	-1,19E-5	-0,6900	-2,11E-3	0,5500	3,97E-4	-0,6900	-1,14E-5	-0,6900	-5,22E-3
-0,6800	-3,65E-5	-0,6800	-6,88E-3	-0,6800	-4,62E-5	-0,6800	-7,00E-3	-0,6800	-1,60E-5	-0,6800	-1,66E-5	-0,6800	-1,17E-5	-0,6800	-2,11E-3	0,6000	5,77E-4	-0,6800	-1,12E-5	-0,6800	-5,22E-3
-0,6700	-3,59E-5	-0,6700	-6,81E-3	-0,6700	-4,54E-5	-0,6700	-7,01E-3	-0,6700	-1,58E-5	-0,6700	-1,62E-5	-0,6700	-1,15E-5	-0,6700	-2,10E-3	0,6500	7,60E-4	-0,6700	-1,10E-5	-0,6700	-5,21E-3
-0,6600	-3,51E-5	-0,6600	-6,73E-3	-0,6600	-4,46E-5	-0,6600	-7,03E-3	-0,6600	-1,55E-5	-0,6600	-1,59E-5	-0,6600	-1,13E-5	-0,6600	-2,10E-3	0,7000	9,26E-4	-0,6600	-1,08E-5	-0,6600	-5,20E-3
-0,6500	-3,45E-5	-0,6500	-6,64E-3	-0,6500	-4,39E-5	-0,6500	-7,02E-3	-0,6500	-1,52E-5	-0,6500	-1,57E-5	-0,6500	-1,11E-5	-0,6500	-2,11E-3	0,7500	1,12E-3	-0,6500	-1,06E-5	-0,6500	-5,20E-3
-0,6400	-3,38E-5	-0,6400	-6,55E-3	-0,6400	-4,30E-5	-0,6400	-7,01E-3	-0,6400	-1,49E-5	-0,6400	-1,54E-5	-0,6400	-1,09E-5	-0,6400	-2,10E-3	0,8000	1,37E-3	-0,6400	-1,04E-5	-0,6400	-5,22E-3
-0,6300	-3,31E-5	-0,6300	-6,45E-3	-0,6300	-4,23E-5	-0,6300	-7,01E-3	-0,6300	-1,46E-5	-0,6300	-1,51E-5	-0,6300	-1,07E-5	-0,6300	-2,10E-3	0,8500	1,74E-3	-0,6300	-1,02E-5	-0,6300	-5,21E-3
-0,6200	-3,23E-5	-0,6200	-6,35E-3	-0,6200	-4,16E-5	-0,6200	-7,01E-3	-0,6200	-1,43E-5	-0,6200	-1,48E-5	-0,6200	-1,05E-5	-0,6200	-2,11E-3	0,9000	2,24E-3	-0,6200	-1,00E-5	-0,6200	-5,20E-3
-0,6100	-3,16E-5	-0,6100	-6,24E-3	-0,6100	-4,08E-5	-0,6100	-7,02E-3	-0,6100	-1,40E-5	-0,6100	-1,45E-5	-0,6100	-1,03E-5	-0,6100	-2,10E-3	0,9500	2,92E-3	-0,6100	-9,83E-6	-0,6100	-5,20E-3
-0,6000	-3,10E-5	-0,6000	-6,13E-3	-0,6000	-4,00E-5	-0,6000	-7,01E-3	-0,6000	-1,38E-5	-0,6000	-1,42E-5	-0,6000	-1,00E-5	-0,6000	-2,09E-3	1,0000	3,79E-3	-0,6000	-9,65E-6	-0,6000	-5,20E-3
-0,5900	-3,02E-5	-0,5900	-6,02E-3	-0,5900	-3,93E-5	-0,5900	-7,01E-3	-0,5900	-1,35E-5	-0,5900	-1,39E-5	-0,5900	-9,84E-6	-0,5900	-2,09E-3			-0,5900	-9,46E-6	-0,5900	-5,19E-3
-0,5800	-2,96E-5	-0,5800	-5,90E-3	-0,5800	-3,85E-5	-0,5800	-7,03E-3	-0,5800	-1,32E-5	-0,5800	-1,37E-5	-0,5800	-9,64E-6	-0,5800	-2,09E-3			-0,5800	-9,28E-6	-0,5800	-5,19E-3
-0,5700	-2,89E-5	-0,5700	-5,78E-3	-0,5700	-3,78E-5	-0,5700	-7,00E-3	-0,5700	-1,29E-5	-0,5700	-1,34E-5	-0,5700	-9,44E-6	-0,5700	-2,09E-3			-0,5700	-9,10E-6	-0,5700	-5,20E-3
-0,5600	-2,82E-5	-0,5600	-5,67E-3	-0,5600	-3,70E-5	-0,5600	-6,99E-3	-0,5600	-1,27E-5	-0,5600	-1,31E-5	-0,5600	-9,24E-6	-0,5600	-2,09E-3			-0,5600	-8,91E-6	-0,5600	-5,20E-3
-0,5500	-2,76E-5	-0,5500	-5,54E-3	-0,5500	-3,63E-5	-0,5500	-6,99E-3	-0,5500	-1,24E-5	-0,5500	-1,28E-5	-0,5500	-9,04E-6	-0,5500	-2,09E-3			-0,5500	-8,74E-6	-0,5500	-5,20E-3
-0,5400	-2,70E-5	-0,5400	-5,42E-3	-0,5400	-3,56E-5	-0,5400	-6,99E-3	-0,5400	-1,21E-5	-0,5400	-1,26E-5	-0,5400	-8,84E-6	-0,5400	-2,10E-3			-0,5400	-8,56E-6	-0,5400	-5,19E-3
-0,5300	-2,63E-5	-0,5300	-5,29E-3	-0,5300	-3,48E-5	-0,5300	-7,00E-3	-0,5300	-1,19E-5	-0,5300	-1,23E-5	-0,5300	-8,64E-6	-0,5300	-2,09E-3			-0,5300	-8,38E-6	-0,5300	-5,19E-3
-0,5200	-2,57E-5	-0,5200	-5,17E-3	-0,5200	-3,40E-5	-0,5200	-7,00E-3	-0,5200	-1,16E-5	-0,5200	-1,20E-5	-0,5200	-8,45E-6	-0,5200	-2,09E-3			-0,5200	-8,21E-6	-0,5200	-5,20E-3
-0,5100	-2,51E-5	-0,5100	-5,05E-3	-0,5100	-3,33E-5	-0,5100	-6,99E-3	-0,5100	-1,14E-5	-0,5100	-1,18E-5	-0,5100	-8,27E-6	-0,5100	-2,09E-3			-0,5100	-8,03E-6	-0,5100	-5,19E-3
-0,5000	-2,43E-5	-0,5000	-4,93E-3	-0,5000	-3,27E-5	-0,5000	-7,02E-3	-0,5000	-1,11E-5	-0,5000	-1,15E-5	-0,5000	-8,08E-6	-0,5000	-2,09E-3			-0,5000	-7,86E-6	-0,5000	-5,18E-3
-0,4900	-2,37E-5	-0,4900	-4,81E-3	-0,4900	-3,19E-5	-0,4900	-6,99E-3	-0,4900	-1,08E-5	-0,4900	-1,12E-5	-0,4900	-7,89E-6	-0,4900	-2,09E-3			-0,4900	-7,69E-6	-0,4900	-5,21E-3
-0,4800	-2,31E-5	-0,4800	-4,69E-3	-0,4800	-3,12E-5	-0,4800	-6,98E-3	-0,4800	-1,06E-5	-0,4800	-1,10E-5	-0,4800	-7,69E-6	-0,4800	-2,09E-3			-0,4800	-7,52E-6	-0,4800	-5,21E-3
-0,4700	-2,24E-5	-0,4700	-4,57E-3	-0,4700	-3,05E-5	-0,4700	-6,97E-3	-0,4700	-1,03E-5	-0,4700	-1,07E-5	-0,4700	-7,51E-6	-0,4700	-2,09E-3			-0,4700	-7,35E-6	-0,4700	-5,21E-3
-0,4600	-2,19E-5	-0,4600	-4,46E-3	-0,4600	-2,99E-5	-0,4600	-6,97E-3	-0,4600	-1,01E-5	-0,4600	-1,05E-5	-0,4600	-7,33E-6	-0,4600	-2,09E-3			-0,4600	-7,18E-6	-0,4600	-5,20E-3
-0,4500	-2,12E-5	-0,4500	-4,35E-3	-0,4500	-2,92E-5	-0,4500	-6,98E-3	-0,4500	-9,83E-6	-0,4500	-1,02E-5	-0,4500	-7,15E-6	-0,4500	-2,08E-3			-0,4500	-7,02E-6	-0,4500	-5,20E-3
-0,4400	-2,06E-5	-0,4400	-4,24E-3	-0,4400	-2,85E-5	-0,4400	-6,99E-3	-0,4400	-9,58E-6	-0,4400	-9,97E-6	-0,4400	-6,97E-6	-0,4400	-2,07E-3			-0,4400	-6,85E-6	-0,4400	-5,20E-3
-0,4300	-2,00E-5	-0,4300	-4,13E-3	-0,4300	-2,78E-5	-0,4300	-6,98E-3	-0,4300	-9,33E-6	-0,4300	-9,72E-6	-0,4300	-6,79E-6	-0,4300	-2,07E-3			-0,4300	-6,69E-6	-0,4300	-5,20E-3
-0,4200	-1,94E-5	-0,4200	-4,03E-3	-0,4200	-2,71E-5	-0,4200	-6,98E-3	-0,4200	-9,09E-6	-0,4200	-9,47E-6	-0,4200	-6,62E-6	-0,4200	-2,07E-3			-0,4200	-6,53E-6	-0,4200	-5,20E-3
-0,4100	-1,88E-5	-0,4100	-3,93E-3	-0,4100	-2,64E-5	-0,4100	-6,95E-3	-0,4100	-8,84E-6	-0,4100	-9,22E-6	-0,4100	-6,44E-6	-0,4100	-2,08E-3			-0,4100	-6,37E-6	-0,4100	-5,22E-3
-0,4000	-1,82E-5	-0,4000	-3,84E-3	-0,4000	-2,57E-5	-0,4000	-6,93E-3	-0,4000	-8,61E-6	-0,4000	-8,98E-6	-0,4000	-6,27E-6	-0,4000	-2,08E-3			-0,4000	-6,21E-6	-0,4000	-5,21E-3
-0,3900	-1,77E-5	-0,3900	-3,74E-3	-0,3900	-2,51E-5	-0,3900	-6,94E-3	-0,3900	-8,37E-6	-0,3900	-8,74E-6	-0,3900	-6,09E-6	-0,3900	-2,08E-3			-0,3900	-6,05E-6	-0,3900	-5,21E-3
-0,3800	-1,71E-5	-0,3800	-3,65E-3	-0,3800	-2,44E-5	-0,3800	-6,93E-3	-0,3800	-8,13E-6	-0,3800	-8,49E-6	-0,3800	-5,92E-6	-0,3800	-2,07E-3			-0,3800	-5,90E-6	-0,3800	-5,20E-3
-0,3700	-1,65E-5	-0,3700	-3,57E-3	-0,3700	-2,37E-5	-0,3700	-6,93E-3	-0,3700	-7,90E-6	-0,3700	-8,26E-6	-0,3700	-5,75E-6	-0,3700	-2,07E-3			-0,3700	-5,74E-6	-0,3700	-5,19E-3
-0,3600	-1,60E-5	-0,3600	-3,48E-3	-0,3600	-2,30E-5	-0,3600	-6,94E-3	-0,3600	-7,66E-6	-0,3600	-8,01E-6	-0,3600	-5,58E-6	-0,3600	-2,06E-3			-0,3600	-5,59E-6	-0,3600	-5,18E-3
-0,3500	-1,54E-5	-0,3500	-3,40E-3	-0,3500	-2,24E-5	-0,3500	-6,96E-3	-0,3500	-7,43E-6	-0,3500	-7,78E-6	-0,3500	-5,42E-6	-0,3500	-2,06E-3			-0,3500	-5,43E-6	-0,3500	-5,18E-3
-0,3400	-1,48E-5	-0,3400	-3,33E-3	-0,3400	-2,17E-5	-0,3400	-6,95E-3	-0,3400	-7,20E-6	-0,3400	-7,54E-6	-0,3400	-5,26E-6	-0,3400	-2,06E-3			-0,3400	-5,28E-6	-0,3400	-5,18E-3
-0,3300	-1,43E-5	-0,3300	-3,25E-3	-0,3300	-2,10E-5	-0,3300	-6,93E-3	-0,3300	-6,97E-6	-0,3300	-7,31E-6	-0,3300	-5,10E-6	-0,3300	-2,06E-3			-0,3300	-5,13E-6	-0,3300	-5,20E-3
-0,3200	-1,38E-5	-0,3200	-3,19E-3	-0,3200	-2,03E-5	-0,3200	-6,92E-3	-0,3200	-6,74E-6	-0,3200	-7,07E-6	-0,3200	-4,94E-6	-0,3200	-2,06E-3			-0,3200	-4,98E-6	-0,3200	-5,19E-3
-0,3100	-1,32E-5	-0,3100	-3,12E-3	-0,3100	-1,97E-5	-0,3100	-6,92E-3	-0,3100	-6,52E-6	-0,3100	-6,84E-6	-0,3100	-4,78E-6	-0,3100	-2,06E-3			-0,3100	-4,83E-6	-0,3100	-5,18E-3
-0,3000	-1,27E-5	-0,3000	-3,06E-3	-0,3000	-1,90E-5	-0,3000	-6,93E-3	-0,3000	-6,28E-6	-0,3000	-6,61E-6	-0,3000	-4,62E-6	-0,3000	-2,06E-3			-0,3000	-4,69E-6	-0,3000	-5,19E-3
-0,2900	-1,22E-5	-0,2900	-3,00E-3	-0,2900	-1,84E-5	-0,2900	-6,94E-3	-0,2900	-6,06E-6	-0,2900	-6,39E-6	-0,2900	-4,47E-6	-0,2900	-2,05E-3			-0,2900	-4,54E-6	-0,2900	-5,18E-3
-0,2800	-1,18E-5	-0,2800	-2,94E-3	-0,2800	-1,77E-5	-0,2800	-6,94E-3	-0,2800	-5,84E-6	-0,2800	-6,16E-6	-0,2800	-4,32E-6	-0,2800	-2,04E-3			-0,2800	-4,40E-6	-0,2800	-5,17E-3
-0,2700	-1,12E-5	-0,2700	-2,88E-3	-0,2700	-1,71E-5	-0,2700	-6,96E-3	-0,2700	-5,62E-6	-0,2700	-5,94E-6	-0,2700	-4,17E-6	-0,2700	-2,04E-3			-0,2700	-4,26E-6	-0,2700	-5,17E-3
-0,2600	-1,07E-5	-0,2600	-2,83E-3	-0,2600	-1,64E-5	-0,2600	-6,92E-3	-0,2600	-5,40E-6	-0,2600	-5,71E-6	-0,2600	-4,01E-6	-0,2600	-2,04E-3			-0,2600	-4,11E-6	-0,2600	-5,17E-3
-0,2500	-1,03E-5	-0,2500	-2,79E-3	-0,2500	-1,58E-5	-0,2500	-6,90E-3	-0,2500	-5,18E-6	-0,2500	-5,49E-6	-0,2500	-3,86E-6	-0,2500	-2,04E-3			-0,2500	-3,97E-6	-0,2500	-5,18E-3
-0,2400	-9,77E-6	-0,2400	-2,74E-3	-0,2400	-1,51E-5	-0,2400	-6,90E-3	-0,2400	-4,96E-6	-0,2400	-5,27E-6	-0,2400	-3,72E-6	-0,2400	-2,04E-3			-0,2400	-3,83E-6	-0,2400	-5,18E-3
-0,2300	-9,34E-6	-0,2300	-2,69E-3	-0,2300	-1,45E-5	-0,2300	-6,90E-3	-0,2300	-4,75E-6	-0,2300	-5,05E-6	-0,2300	-3,57E-6	-0,2300	-2,04E-3			-0,2300	-3,69E-6	-0,2300	-5,17E-3
-0,2200	-8,87E-6	-0,2200	-2,65E-3	-0,2200	-1,38E-5	-0,2200	-6,89E-3	-0,2200	-4,53E-6	-0,2200	-4,83E-6	-0,2200	-3,42E-6	-0,2200	-2,03E-3			-0,2200	-3,56E-6	-0,2200	-5,18E-3
-0,2100	-8,45E-6	-0,2100	-2,61E-3	-0,2100	-1,32E-5	-0,2100	-6,88E-3	-0,2100	-4,33E-6	-0,2100	-4,62E-6	-0,2100	-3,28E-6	-0,2100	-2,03E-3			-0,2100	-3,42E-6	-0,2100	-5,18E-3
-0,2000	-7,99E-6	-0,2000	-2,57E-3	-0,2000	-1,26E-5	-0,2000	-6,88E-3	-0,2000	-4,12E-6	-0,2000	-4,40E-6	-0,2000	-3,13E-6	-0,2000	-2,02E-3			-0,2000	-3,28E-6	-0,2000	-5,16E-3
-0,1900	-7,58E-6	-0,1900	-2,53E-3	-0,1900	-1,19E-5	-0,1900	-6,91E-3	-0,1900	-3,91E-6	-0,1900	-4,19E-6	-0,1900	-2,99E-6	-0,1900	-2,02E-3			-0,1900	-3,15E-6	-0,1900	-5,15E-3
-0,1800	-7,16E-6	-0,1800	-2,49E-3	-0,1800	-1,13E-5	-0,1800	-6,88E-3	-0,1800	-3,70E-6	-0,1800	-3,97E-6	-0,1800	-2,84E-6	-0,1800	-2,02E-3			-0,1800	-3,01E-6	-0,1800	-5,16E-3
-0,1700	-6,74E-6	-0,1700	-2,47E-3	-0,1700	-1,07E-5	-0,1700	-6,86E-3	-0,1700	-3,49E-6	-0,1700	-3,76E-6	-0,1700	-2,69E-6	-0,1700	-2,01E-3			-0,1700	-2,88E-6	-0,1700	-5,16E-3
-0,1600	-6,37E-6	-0,1600	-2,43E-3	-0,1600	-1,01E-5	-0,1600	-6,86E-3	-0,1600	-3,28E-6	-0,1600	-3,54E-6	-0,1600	-2,55E-6	-0,1600	-2,01E-3			-0,1600	-2,74E-6	-0,1600	-5,15E-3
-0,1500	-5,96E-6	-0,1500	-2,40E-3	-0,1500	-9,44E-6	-0,1500	-6,85E-3	-0,1500	-3,08E-6	-0,1500	-3,33E-6	-0,1500	-2,40E-6	-0,1500	-2,01E-3			-0,1500	-2,61E-6	-0,1500	-5,14E-3
-0,1400	-5,56E-6	-0,1400	-2,38E-3	-0,1400	-8,82E-6	-0,1400	-6,85E-3	-0,1400	-2,87E-6	-0,1400	-3,11E-6	-0,1400	-2,26E-6	-0,1400	-2,00E-3			-0,1400	-2,47E-6	-0,1400	-5,14E-3
-0,1300	-5,19E-6	-0,1300	-2,36E-3	-0,1300	-8,23E-6	-0,1300	-6,84E-3	-0,1300	-2,66E-6	-0,1300	-2,90E-6	-0,1300	-2,11E-6	-0,1300	-1,99E-3			-0,1300	-2,33E-6	-0,1300	-5,14E-3
-0,1200	-4,81E-6	-0,1200	-2,33E-3	-0,1200	-7,61E-6	-0,1200	-6,83E-3	-0,1200	-2,46E-6	-0,1200	-2,70E-6	-0,1200	-1,96E-6	-0,1200	-1,98E-3			-0,1200	-2,20E-6	-0,1200	-5,13E-3
-0,1100	-4,46E-6	-0,1100	-2,30E-3	-0,1100	-7,00E-6	-0,1100	-6,85E-3	-0,1100	-2,25E-6	-0,1100	-2,48E-6	-0,1100	-1,81E-6	-0,1100	-1,98E-3			-0,1100	-2,05E-6	-0,1100	-5,12E-3
-0,1000	-4,08E-6	-0,1000	-2,28E-3	-0,1000	-6,39E-6	-0,1000	-6,81E-3	-0,1000	-2,05E-6	-0,1000	-2,27E-6	-0,1000	-1,66E-6	-0,1000	-1,97E-3			-0,1000	-1,91E-6	-0,1000	-5,14E-3
-0,0900	-3,72E-6	-0,0900	-2,27E-3	-0,0900	-5,80E-6	-0,0900	-6,79E-3	-0,0900	-1,85E-6	-0,0900	-2,06E-6	-0,0900	-1,50E-6	-0,0900	-1,97E-3			-0,0900	-1,76E-6	-0,0900	-5,12E-3
-0,0800	-3,36E-6	-0,0800	-2,24E-3	-0,0800	-5,19E-6	-0,0800	-6,79E-3	-0,0800	-1,64E-6	-0,0800	-1,85E-6	-0,0800	-1,35E-6	-0,0800	-1,97E-3			-0,0800	-1,61E-6	-0,0800	-5,12E-3
-0,0700	-2,99E-6	-0,0700	-2,22E-3	-0,0700	-4,58E-6	-0,0700	-6,77E-3	-0,0700	-1,44E-6	-0,0700	-1,63E-6	-0,0700	-1,19E-6	-0,0700	-1,97E-3			-0,0700	-1,46E-6	-0,0700	-5,11E-3
-0,0600	-2,61E-6	-0,0600	-2,20E-3	-0,0600	-3,97E-6	-0,0600	-6,75E-3	-0,0600	-1,23E-6	-0,0600	-1,42E-6	-0,0600	-1,03E-6	-0,0600	-1,96E-3			-0,0600	-1,29E-6	-0,0600	-5,11E-3
-0,0500	-2,23E-6	-0,0500	-2,19E-3	-0,0500	-3,35E-6	-0,0500	-6,74E-3	-0,0500	-1,03E-6	-0,0500	-1,21E-6	-0,0500	-8,71E-7	-0,0500	-1,95E-3			-0,0500	-1,12E-6	-0,0500	-5,11E-3
-0,0400	-1,83E-6	-0,0400	-2,17E-3	-0,0400	-2,72E-6	-0,0400	-6,74E-3	-0,0400	-8,22E-7	-0,0400	-9,97E-7	-0,0400	-7,05E-7	-0,0400	-1,95E-3			-0,0400	-9,31E-7	-0,0400	-5,09E-3
-0,0300	-1,42E-6	-0,0300	-2,14E-3	-0,0300	-2,07E-6	-0,0300	-6,75E-3	-0,0300	-6,17E-7	-0,0300	-7,76E-7	-0,0300	-5,37E-7	-0,0300	-1,94E-3			-0,0300	-7,30E-7	-0,0300	-5,08E-3
-0,0200	-9,75E-7	-0,0200	-2,12E-3	-0,0200	-1,41E-6	-0,0200	-6,72E-3	-0,0200	-4,10E-7	-0,0200	-5,65E-7	-0,0200	-3,64E-7	-0,0200	-1,93E-3			-0,0200	-5,11E-7	-0,0200	-5,09E-3
-0,0100	-5,02E-7	-0,0100	-2,11E-3	-0,0100	-7,10E-7	-0,0100	-6,70E-3	-0,0100	-2,02E-7	-0,0100	-3,49E-7	-0,0100	-1,83E-7	-0,0100	-1,93E-3			-0,0100	-2,67E-7	-0,0100	-5,07E-3
0,0000	8,37E-9	0,0000	-2,09E-3	0,0000	1,71E-8	0,0000	-6,68E-3	0,0000	7,25E-9	0,0000	-1,30E-7	0,0000	2,84E-9	0,0000	-1,92E-3			0,0000	2,23E-9	0,0000	-5,05E-3
0,0100	5,74E-7	0,0100	-2,07E-3	0,0100	7,91E-7	0,0100	-6,65E-3	0,0100	2,19E-7	0,0100	9,32E-8	0,0100	2,00E-7	0,0100	-1,92E-3			0,0100	3,08E-7	0,0100	-5,02E-3
0,0200	1,20E-6	0,0200	-2,05E-3	0,0200	1,62E-6	0,0200	-6,63E-3	0,0200	4,32E-7	0,0200	3,13E-7	0,0200	4,08E-7	0,0200	-1,91E-3			0,0200	6,54E-7	0,0200	-5,01E-3
0,0300	1,90E-6	0,0300	-2,02E-3	0,0300	2,50E-6	0,0300	-6,60E-3	0,0300	6,46E-7	0,0300	5,40E-7	0,0300	6,29E-7	0,0300	-1,89E-3			0,0300	1,05E-6	0,0300	-4,99E-3
0,0400	2,69E-6	0,0400	-2,00E-3	0,0400	3,45E-6	0,0400	-6,59E-3	0,0400	8,61E-7	0,0400	7,62E-7	0,0400	8,67E-7	0,0400	-1,89E-3			0,0400	1,50E-6	0,0400	-4,96E-3
0,0500	3,58E-6	0,0500	-1,97E-3	0,0500	4,49E-6	0,0500	-6,56E-3	0,0500	1,08E-6	0,0500	9,95E-7	0,0500	1,13E-6	0,0500	-1,88E-3			0,0500	2,02E-6	0,0500	-4,93E-3
0,0600	4,61E-6	0,0600	-1,94E-3	0,0600	5,61E-6	0,0600	-6,52E-3	0,0600	1,30E-6	0,0600	1,22E-6	0,0600	1,41E-6	0,0600	-1,87E-3			0,0600	2,62E-6	0,0600	-4,91E-3
0,0700	5,80E-6	0,0700	-1,91E-3	0,0700	6,84E-6	0,0700	-6,48E-3	0,0700	1,53E-6	0,0700	1,46E-6	0,0700	1,72E-6	0,0700	-1,86E-3			0,0700	3,31E-6	0,0700	-4,88E-3
0,0800	7,19E-6	0,0800	-1,87E-3	0,0800	8,21E-6	0,0800	-6,45E-3	0,0800	1,75E-6	0,0800	1,70E-6	0,0800	2,06E-6	0,0800	-1,86E-3			0,0800	4,11E-6	0,0800	-4,84E-3
0,0900	8,78E-6	0,0900	-1,83E-3	0,0900	9,68E-6	0,0900	-6,40E-3	0,0900	1,99E-6	0,0900	1,94E-6	0,0900	2,43E-6	0,0900	-1,85E-3			0,0900	5,03E-6	0,0900	-4,81E-3
0,1000	1,06E-5	0,1000	-1,79E-3	0,1000	1,13E-5	0,1000	-6,35E-3	0,1000	2,22E-6	0,1000	2,19E-6	0,1000	2,84E-6	0,1000	-1,84E-3			0,1000	6,09E-6	0,1000	-4,78E-3
0,1100	1,28E-5	0,1100	-1,75E-3	0,1100	1,31E-5	0,1100	-6,30E-3	0,1100	2,46E-6	0,1100	2,44E-6	0,1100	3,30E-6	0,1100	-1,82E-3			0,1100	7,32E-6	0,1100	-4,75E-3
0,1200	1,54E-5	0,1200	-1,70E-3	0,1200	1,50E-5	0,1200	-6,28E-3	0,1200	2,70E-6	0,1200	2,69E-6	0,1200	3,80E-6	0,1200	-1,81E-3			0,1200	8,70E-6	0,1200	-4,71E-3
0,1300	1,84E-5	0,1300	-1,64E-3	0,1300	1,71E-5	0,1300	-6,21E-3	0,1300	2,95E-6	0,1300	2,95E-6	0,1300	4,35E-6	0,1300	-1,80E-3			0,1300	1,03E-5	0,1300	-4,67E-3
0,1400	2,19E-5	0,1400	-1,59E-3	0,1400	1,94E-5	0,1400	-6,16E-3	0,1400	3,20E-6	0,1400	3,21E-6	0,1400	4,95E-6	0,1400	-1,79E-3			0,1400	1,21E-5	0,1400	-4,63E-3
0,1500	2,60E-5	0,1500	-1,52E-3	0,1500	2,19E-5	0,1500	-6,10E-3	0,1500	3,47E-6	0,1500	3,49E-6	0,1500	5,60E-6	0,1500	-1,77E-3			0,1500	1,40E-5	0,1500	-4,58E-3
0,1600	3,08E-5	0,1600	-1,45E-3	0,1600	2,47E-5	0,1600	-6,03E-3	0,1600	3,73E-6	0,1600	3,76E-6	0,1600	6,30E-6	0,1600	-1,76E-3			0,1600	1,63E-5	0,1600	-4,52E-3
0,1700	3,64E-5	0,1700	-1,37E-3	0,1700	2,76E-5	0,1700	-5,96E-3	0,1700	4,00E-6	0,1700	4,04E-6	0,1700	7,06E-6	0,1700	-1,74E-3			0,1700	1,87E-5	0,1700	-4,47E-3
0,1800	4,29E-5	0,1800	-1,29E-3	0,1800	3,08E-5	0,1800	-5,88E-3	0,1800	4,28E-6	0,1800	4,32E-6	0,1800	7,88E-6	0,1800	-1,72E-3			0,1800	2,14E-5	0,1800	-4,41E-3
0,1900	5,04E-5	0,1900	-1,20E-3	0,1900	3,43E-5	0,1900	-5,80E-3	0,1900	4,56E-6	0,1900	4,61E-6	0,1900	8,75E-6	0,1900	-1,70E-3			0,1900	2,44E-5	0,1900	-4,36E-3
0,2000	5,92E-5	0,2000	-1,10E-3	0,2000	3,80E-5	0,2000	-5,72E-3	0,2000	4,85E-6	0,2000	4,92E-6	0,2000	9,68E-6	0,2000	-1,68E-3			0,2000	2,76E-5	0,2000	-4,29E-3
0,2100	6,93E-5	0,2100	-9,96E-4	0,2100	4,21E-5	0,2100	-5,61E-3	0,2100	5,14E-6	0,2100	5,22E-6	0,2100	1,07E-5	0,2100	-1,66E-3			0,2100	3,11E-5	0,2100	-4,22E-3
0,2200	8,10E-5	0,2200	-8,83E-4	0,2200	4,64E-5	0,2200	-5,50E-3	0,2200	5,45E-6	0,2200	5,53E-6	0,2200	1,17E-5	0,2200	-1,64E-3			0,2200	3,48E-5	0,2200	-4,14E-3
0,2300	9,46E-5	0,2300	-7,49E-4	0,2300	5,10E-5	0,2300	-5,40E-3	0,2300	5,76E-6	0,2300	5,85E-6	0,2300	1,28E-5	0,2300	-1,62E-3			0,2300	3,88E-5	0,2300	-4,06E-3
0,2400	1,10E-4	0,2400	-6,14E-4	0,2400	5,60E-5	0,2400	-5,29E-3	0,2400	6,08E-6	0,2400	6,18E-6	0,2400	1,40E-5	0,2400	-1,60E-3			0,2400	4,30E-5	0,2400	-3,98E-3
0,2500	1,28E-4	0,2500	-4,70E-4	0,2500	6,16E-5	0,2500	-5,16E-3	0,2500	6,40E-6	0,2500	6,52E-6	0,2500	1,52E-5	0,2500	-1,57E-3			0,2500	4,76E-5	0,2500	-3,91E-3
0,2600	1,48E-4	0,2600	-3,17E-4	0,2600	6,75E-5	0,2600	-5,03E-3	0,2600	6,73E-6	0,2600	6,86E-6	0,2600	1,65E-5	0,2600	-1,54E-3			0,2600	5,24E-5	0,2600	-3,82E-3
0,2700	1,71E-4	0,2700	-1,51E-4	0,2700	7,40E-5	0,2700	-4,90E-3	0,2700	7,08E-6	0,2700	7,21E-6	0,2700	1,79E-5	0,2700	-1,51E-3			0,2700	5,74E-5	0,2700	-3,74E-3
0,2800	1,98E-4	0,2800	2,54E-5	0,2800	8,12E-5	0,2800	-4,77E-3	0,2800	7,43E-6	0,2800	7,57E-6	0,2800	1,94E-5	0,2800	-1,48E-3			0,2800	6,29E-5	0,2800	-3,65E-3
0,2900	2,29E-4	0,2900	2,09E-4	0,2900	8,90E-5	0,2900	-4,62E-3	0,2900	7,80E-6	0,2900	7,94E-6	0,2900	2,09E-5	0,2900	-1,44E-3			0,2900	6,85E-5	0,2900	-3,56E-3
0,3000	2,64E-4	0,3000	4,09E-4	0,3000	9,76E-5	0,3000	-4,48E-3	0,3000	8,16E-6	0,3000	8,32E-6	0,3000	2,24E-5	0,3000	-1,41E-3			0,3000	7,44E-5	0,3000	-3,45E-3
0,3100	3,04E-4	0,3100	6,28E-4	0,3100	1,07E-4	0,3100	-4,33E-3	0,3100	8,55E-6	0,3100	8,72E-6	0,3100	2,41E-5	0,3100	-1,37E-3			0,3100	8,07E-5	0,3100	-3,34E-3
0,3200	3,49E-4	0,3200	8,55E-4	0,3200	1,18E-4	0,3200	-4,17E-3	0,3200	8,94E-6	0,3200	9,11E-6	0,3200	2,59E-5	0,3200	-1,33E-3			0,3200	8,72E-5	0,3200	-3,23E-3
0,3300	4,00E-4	0,3300	1,09E-3	0,3300	1,30E-4	0,3300	-4,00E-3	0,3300	9,36E-6	0,3300	9,53E-6	0,3300	2,77E-5	0,3300	-1,28E-3			0,3300	9,41E-5	0,3300	-3,11E-3
0,3400	4,59E-4	0,3400	1,34E-3	0,3400	1,44E-4	0,3400	-3,83E-3	0,3400	9,78E-6	0,3400	9,96E-6	0,3400	2,97E-5	0,3400	-1,23E-3			0,3400	1,01E-4	0,3400	-2,99E-3
0,3500	5,25E-4	0,3500	1,61E-3	0,3500	1,59E-4	0,3500	-3,66E-3	0,3500	1,02E-5	0,3500	1,04E-5	0,3500	3,18E-5	0,3500	-1,18E-3			0,3500	1,09E-4	0,3500	-2,87E-3
0,3600	5,99E-4	0,3600	1,90E-3	0,3600	1,76E-4	0,3600	-3,48E-3	0,3600	1,07E-5	0,3600	1,09E-5	0,3600	3,40E-5	0,3600	-1,12E-3			0,3600	1,16E-4	0,3600	-2,74E-3
0,3700	6,84E-4	0,3700	2,19E-3	0,3700	1,95E-4	0,3700	-3,28E-3	0,3700	1,12E-5	0,3700	1,13E-5	0,3700	3,63E-5	0,3700	-1,06E-3			0,3700	1,25E-4	0,3700	-2,62E-3
0,3800	7,78E-4	0,3800	2,51E-3	0,3800	2,17E-4	0,3800	-3,09E-3	0,3800	1,16E-5	0,3800	1,18E-5	0,3800	3,87E-5	0,3800	-1,01E-3			0,3800	1,33E-4	0,3800	-2,48E-3
0,3900	8,83E-4	0,3900	2,84E-3	0,3900	2,41E-4	0,3900	-2,90E-3	0,3900	1,21E-5	0,3900	1,23E-5	0,3900	4,13E-5	0,3900	-9,45E-4			0,3900	1,42E-4	0,3900	-2,34E-3
0,4000	1,00E-3	0,4000	3,18E-3	0,4000	2,68E-4	0,4000	-2,69E-3	0,4000	1,27E-5	0,4000	1,29E-5	0,4000	4,41E-5	0,4000	-8,82E-4			0,4000	1,51E-4	0,4000	-2,20E-3
0,4100	1,13E-3	0,4100	3,54E-3	0,4100	2,97E-4	0,4100	-2,48E-3	0,4100	1,32E-5	0,4100	1,34E-5	0,4100	4,71E-5	0,4100	-8,17E-4			0,4100	1,61E-4	0,4100	-2,06E-3
0,4200	1,28E-3	0,4200	3,92E-3	0,4200	3,30E-4	0,4200	-2,27E-3	0,4200	1,38E-5	0,4200	1,40E-5	0,4200	5,04E-5	0,4200	-7,52E-4			0,4200	1,71E-4	0,4200	-1,92E-3
0,4300	1,44E-3	0,4300	4,31E-3	0,4300	3,66E-4	0,4300	-2,06E-3	0,4300	1,44E-5	0,4300	1,46E-5	0,4300	5,39E-5	0,4300	-6,87E-4			0,4300	1,82E-4	0,4300	-1,78E-3
0,4400	1,61E-3	0,4400	4,72E-3	0,4400	4,06E-4	0,4400	-1,85E-3	0,4400	1,50E-5	0,4400	1,53E-5	0,4400	5,78E-5	0,4400	-6,23E-4			0,4400	1,94E-4	0,4400	-1,64E-3
0,4500	1,81E-3	0,4500	5,14E-3	0,4500	4,49E-4	0,4500	-1,64E-3	0,4500	1,57E-5	0,4500	1,60E-5	0,4500	6,21E-5	0,4500	-5,60E-4			0,4500	2,06E-4	0,4500	-1,50E-3
0,4600	2,02E-3	0,4600	5,59E-3	0,4600	4,97E-4	0,4600	-1,43E-3	0,4600	1,64E-5	0,4600	1,67E-5	0,4600	6,69E-5	0,4600	-4,97E-4			0,4600	2,20E-4	0,4600	-1,36E-3
0,4700	2,25E-3	0,4700	6,04E-3	0,4700	5,48E-4	0,4700	-1,22E-3	0,4700	1,71E-5	0,4700	1,74E-5	0,4700	7,22E-5	0,4700	-4,38E-4			0,4700	2,35E-4	0,4700	-1,23E-3
0,4800	2,50E-3	0,4800	6,52E-3	0,4800	6,05E-4	0,4800	-1,02E-3	0,4800	1,79E-5	0,4800	1,82E-5	0,4800	7,81E-5	0,4800	-3,80E-4			0,4800	2,51E-4	0,4800	-1,10E-3
0,4900	2,78E-3	0,4900	7,01E-3	0,4900	6,66E-4	0,4900	-8,14E-4	0,4900	1,87E-5	0,4900	1,90E-5	0,4900	8,49E-5	0,4900	-3,25E-4			0,4900	2,69E-4	0,4900	-9,73E-4
0,5000	3,07E-3	0,5000	7,52E-3	0,5000	7,31E-4	0,5000	-6,17E-4	0,5000	1,96E-5	0,5000	1,99E-5	0,5000	9,23E-5	0,5000	-2,73E-4			0,5000	2,88E-4	0,5000	-8,49E-4
0,5100	3,39E-3	0,5100	8,04E-3	0,5100	8,02E-4	0,5100	-4,30E-4	0,5100	2,04E-5	0,5100	2,08E-5	0,5100	1,01E-4	0,5100	-2,25E-4			0,5100	3,10E-4	0,5100	-7,30E-4
0,5200	3,73E-3	0,5200	8,59E-3	0,5200	8,78E-4	0,5200	-2,41E-4	0,5200	2,14E-5	0,5200	2,18E-5	0,5200	1,10E-4	0,5200	-1,79E-4			0,5200	3,34E-4	0,5200	-6,17E-4
0,5300	4,10E-3	0,5300	9,15E-3	0,5300	9,58E-4	0,5300	-6,26E-5	0,5300	2,24E-5	0,5300	2,28E-5	0,5300	1,20E-4	0,5300	-1,38E-4			0,5300	3,60E-4	0,5300	-5,09E-4
0,5400	4,49E-3	0,5400	9,73E-3	0,5400	1,04E-3	0,5400	1,09E-4	0,5400	2,34E-5	0,5400	2,39E-5	0,5400	1,30E-4	0,5400	-9,92E-5			0,5400	3,88E-4	0,5400	-4,05E-4
0,5500	4,90E-3	0,5500	1,03E-2	0,5500	1,13E-3	0,5500	2,75E-4	0,5500	2,45E-5	0,5500	2,50E-5	0,5500	1,42E-4	0,5500	-6,42E-5			0,5500	4,20E-4	0,5500	-3,05E-4
0,5600	5,34E-3	0,5600	1,09E-2	0,5600	1,22E-3	0,5600	4,37E-4	0,5600	2,57E-5	0,5600	2,62E-5	0,5600	1,54E-4	0,5600	-3,20E-5			0,5600	4,53E-4	0,5600	-2,11E-4
0,5700	5,81E-3	0,5700	1,16E-2	0,5700	1,32E-3	0,5700	5,94E-4	0,5700	2,69E-5	0,5700	2,75E-5	0,5700	1,66E-4	0,5700	-2,48E-6			0,5700	4,90E-4	0,5700	-1,22E-4
0,5800	6,30E-3	0,5800	1,22E-2	0,5800	1,41E-3	0,5800	7,44E-4	0,5800	2,82E-5	0,5800	2,89E-5	0,5800	1,79E-4	0,5800	2,40E-5			0,5800	5,28E-4	0,5800	-3,63E-5
0,5900	6,82E-3	0,5900	1,29E-2	0,5900	1,51E-3	0,5900	8,90E-4	0,5900	2,96E-5	0,5900	3,03E-5	0,5900	1,91E-4	0,5900	4,82E-5			0,5900	5,68E-4	0,5900	4,46E-5
0,6000	7,37E-3	0,6000	1,36E-2	0,6000	1,61E-3	0,6000	1,03E-3	0,6000	3,10E-5	0,6000	3,18E-5	0,6000	2,03E-4	0,6000	7,00E-5			0,6000	6,11E-4	0,6000	1,22E-4
0,6100	7,94E-3	0,6100	1,43E-2	0,6100	1,71E-3	0,6100	1,17E-3	0,6100	3,25E-5	0,6100	3,34E-5	0,6100	2,15E-4	0,6100	8,88E-5			0,6100	6,54E-4	0,6100	1,98E-4
0,6200	8,54E-3	0,6200	1,50E-2	0,6200	1,81E-3	0,6200	1,31E-3	0,6200	3,41E-5	0,6200	3,51E-5	0,6200	2,27E-4	0,6200	1,05E-4			0,6200	6,97E-4	0,6200	2,71E-4
0,6300	9,17E-3	0,6300	1,57E-2	0,6300	1,92E-3	0,6300	1,45E-3	0,6300	3,59E-5	0,6300	3,69E-5	0,6300	2,39E-4	0,6300	1,19E-4			0,6300	7,42E-4	0,6300	3,43E-4
0,6400	9,82E-3	0,6400	1,65E-2	0,6400	2,03E-3	0,6400	1,58E-3	0,6400	3,77E-5	0,6400	3,88E-5	0,6400	2,51E-4	0,6400	1,31E-4			0,6400	7,86E-4	0,6400	4,12E-4
0,6500	1,05E-2	0,6500	1,73E-2	0,6500	2,13E-3	0,6500	1,71E-3	0,6500	3,96E-5	0,6500	4,08E-5	0,6500	2,62E-4	0,6500	1,42E-4			0,6500	8,30E-4	0,6500	4,76E-4
0,6600	1,12E-2	0,6600	1,81E-2	0,6600	2,24E-3	0,6600	1,84E-3	0,6600	4,16E-5	0,6600	4,30E-5	0,6600	2,72E-4	0,6600	1,54E-4			0,6600	8,74E-4	0,6600	5,37E-4
0,6700	1,19E-2	0,6700	1,89E-2	0,6700	2,35E-3	0,6700	1,96E-3	0,6700	4,38E-5	0,6700	4,52E-5	0,6700	2,83E-4	0,6700	1,65E-4			0,6700	9,16E-4	0,6700	5,92E-4
0,6800	1,27E-2	0,6800	1,97E-2	0,6800	2,45E-3	0,6800	2,09E-3	0,6800	4,60E-5	0,6800	4,76E-5	0,6800	2,94E-4	0,6800	1,76E-4			0,6800	9,57E-4	0,6800	6,42E-4
0,6900	1,35E-2	0,6900	2,06E-2	0,6900	2,56E-3	0,6900	2,21E-3	0,6900	4,83E-5	0,6900	5,01E-5	0,6900	3,04E-4	0,6900	1,88E-4			0,6900	9,97E-4	0,6900	6,90E-4
0,7000	1,43E-2	0,7000	2,15E-2	0,7000	2,67E-3	0,7000	2,34E-3	0,7000	5,08E-5	0,7000	5,27E-5	0,7000	3,16E-4	0,7000	2,00E-4			0,7000	1,04E-3	0,7000	7,35E-4
0,7100	1,51E-2	0,7100	2,24E-2	0,7100	2,78E-3	0,7100	2,46E-3	0,7100	5,34E-5	0,7100	5,54E-5	0,7100	3,27E-4	0,7100	2,12E-4			0,7100	1,07E-3	0,7100	7,79E-4
0,7200	1,60E-2	0,7200	2,33E-2	0,7200	2,89E-3	0,7200	2,59E-3	0,7200	5,61E-5	0,7200	5,83E-5	0,7200	3,40E-4	0,7200	2,26E-4			0,7200	1,11E-3	0,7200	8,22E-4
0,7300	1,69E-2	0,7300	2,42E-2	0,7300	3,01E-3	0,7300	2,71E-3	0,7300	5,89E-5	0,7300	6,13E-5	0,7300	3,53E-4	0,7300	2,40E-4			0,7300	1,15E-3	0,7300	8,65E-4
0,7400	1,78E-2	0,7400	2,52E-2	0,7400	3,12E-3	0,7400	2,84E-3	0,7400	6,19E-5	0,7400	6,44E-5	0,7400	3,67E-4	0,7400	2,56E-4			0,7400	1,19E-3	0,7400	9,09E-4
0,7500	1,87E-2	0,7500	2,61E-2	0,7500	3,25E-3	0,7500	2,97E-3	0,7500	6,51E-5	0,7500	6,77E-5	0,7500	3,82E-4	0,7500	2,72E-4			0,7500	1,23E-3	0,7500	9,55E-4
0,7600	1,97E-2	0,7600	2,71E-2	0,7600	3,37E-3	0,7600	3,10E-3	0,7600	6,83E-5	0,7600	7,11E-5	0,7600	3,99E-4	0,7600	2,90E-4			0,7600	1,27E-3	0,7600	1,00E-3
0,7700	2,06E-2	0,7700	2,81E-2	0,7700	3,49E-3	0,7700	3,23E-3	0,7700	7,17E-5	0,7700	7,47E-5	0,7700	4,16E-4	0,7700	3,09E-4			0,7700	1,32E-3	0,7700	1,05E-3
0,7800	2,16E-2	0,7800	2,92E-2	0,7800	3,63E-3	0,7800	3,36E-3	0,7800	7,52E-5	0,7800	7,84E-5	0,7800	4,35E-4	0,7800	3,30E-4			0,7800	1,36E-3	0,7800	1,11E-3
0,7900	2,27E-2	0,7900	3,02E-2	0,7900	3,76E-3	0,7900	3,50E-3	0,7900	7,89E-5	0,7900	8,22E-5	0,7900	4,56E-4	0,7900	3,53E-4			0,7900	1,41E-3	0,7900	1,16E-3
0,8000	2,37E-2	0,8000	3,13E-2	0,8000	3,90E-3	0,8000	3,65E-3	0,8000	8,27E-5	0,8000	8,62E-5	0,8000	4,78E-4	0,8000	3,77E-4			0,8000	1,47E-3	0,8000	1,22E-3
0,8100	2,48E-2	0,8100	3,24E-2	0,8100	4,05E-3	0,8100	3,80E-3	0,8100	8,67E-5	0,8100	9,04E-5	0,8100	5,03E-4	0,8100	4,04E-4			0,8100	1,52E-3	0,8100	1,29E-3
0,8200	2,59E-2	0,8200	3,35E-2	0,8200	4,20E-3	0,8200	3,95E-3	0,8200	9,08E-5	0,8200	9,48E-5	0,8200	5,29E-4	0,8200	4,33E-4			0,8200	1,58E-3	0,8200	1,35E-3
0,8300	2,70E-2	0,8300	3,46E-2	0,8300	4,35E-3	0,8300	4,10E-3	0,8300	9,51E-5	0,8300	9,93E-5	0,8300	5,58E-4	0,8300	4,65E-4			0,8300	1,65E-3	0,8300	1,43E-3
0,8400	2,82E-2	0,8400	3,57E-2	0,8400	4,51E-3	0,8400	4,27E-3	0,8400	9,97E-5	0,8400	1,04E-4	0,8400	5,90E-4	0,8400	4,99E-4			0,8400	1,71E-3	0,8400	1,50E-3
0,8500	2,93E-2	0,8500	3,69E-2	0,8500	4,68E-3	0,8500	4,44E-3	0,8500	1,04E-4	0,8500	1,09E-4	0,8500	6,24E-4	0,8500	5,37E-4			0,8500	1,79E-3	0,8500	1,59E-3
0,8600	3,05E-2	0,8600	3,81E-2	0,8600	4,86E-3	0,8600	4,61E-3	0,8600	1,09E-4	0,8600	1,14E-4	0,8600	6,62E-4	0,8600	5,78E-4			0,8600	1,87E-3	0,8600	1,67E-3
0,8700	3,17E-2	0,8700	3,93E-2	0,8700	5,04E-3	0,8700	4,79E-3	0,8700	1,14E-4	0,8700	1,19E-4	0,8700	7,03E-4	0,8700	6,23E-4			0,8700	1,95E-3	0,8700	1,77E-3
0,8800	3,30E-2	0,8800	4,05E-2	0,8800	5,22E-3	0,8800	4,98E-3	0,8800	1,19E-4	0,8800	1,25E-4	0,8800	7,47E-4	0,8800	6,72E-4			0,8800	2,04E-3	0,8800	1,87E-3
0,8900	3,42E-2	0,8900	4,17E-2	0,8900	5,42E-3	0,8900	5,18E-3	0,8900	1,25E-4	0,8900	1,30E-4	0,8900	7,96E-4	0,8900	7,24E-4			0,8900	2,13E-3	0,8900	1,97E-3
0,9000	3,55E-2	0,9000	4,30E-2	0,9000	5,62E-3	0,9000	5,38E-3	0,9000	1,31E-4	0,9000	1,36E-4	0,9000	8,48E-4	0,9000	7,82E-4			0,9000	2,24E-3	0,9000	2,08E-3
0,9100	3,68E-2	0,9100	4,43E-2	0,9100	5,83E-3	0,9100	5,59E-3	0,9100	1,36E-4	0,9100	1,42E-4	0,9100	9,06E-4	0,9100	8,44E-4			0,9100	2,34E-3	0,9100	2,20E-3
0,9200	3,81E-2	0,9200	4,56E-2	0,9200	6,05E-3	0,9200	5,81E-3	0,9200	1,43E-4	0,9200	1,49E-4	0,9200	9,70E-4	0,9200	9,12E-4			0,9200	2,46E-3	0,9200	2,32E-3
0,9300	3,94E-2	0,9300	4,69E-2	0,9300	6,28E-3	0,9300	6,03E-3	0,9300	1,49E-4	0,9300	1,55E-4	0,9300	1,04E-3	0,9300	9,85E-4			0,9300	2,58E-3	0,9300	2,45E-3
0,9400	4,08E-2	0,9400	4,82E-2	0,9400	6,51E-3	0,9400	6,27E-3	0,9400	1,55E-4	0,9400	1,62E-4	0,9400	1,11E-3	0,9400	1,07E-3			0,9400	2,71E-3	0,9400	2,59E-3
0,9500	4,21E-2	0,9500	4,95E-2	0,9500	6,76E-3	0,9500	6,51E-3	0,9500	1,62E-4	0,9500	1,69E-4	0,9500	1,19E-3	0,9500	1,16E-3			0,9500	2,85E-3	0,9500	2,74E-3
0,9600	4,35E-2	0,9600	5,09E-2	0,9600	7,01E-3	0,9600	6,77E-3	0,9600	1,69E-4	0,9600	1,76E-4	0,9600	1,28E-3	0,9600	1,25E-3			0,9600	2,99E-3	0,9600	2,89E-3
0,9700	4,49E-2	0,9700	5,23E-2	0,9700	7,27E-3	0,9700	7,03E-3	0,9700	1,76E-4	0,9700	1,84E-4	0,9700	1,38E-3	0,9700	1,35E-3			0,9700	3,15E-3	0,9700	3,06E-3
0,9800	4,64E-2	0,9800	5,37E-2	0,9800	7,55E-3	0,9800	7,31E-3	0,9800	1,84E-4	0,9800	1,91E-4	0,9800	1,49E-3	0,9800	1,47E-3			0,9800	3,31E-3	0,9800	3,23E-3
0,9900	4,78E-2	0,9900	5,51E-2	0,9900	7,84E-3	0,9900	7,60E-3	0,9900	1,91E-4	0,9900	1,99E-4	0,9900	1,61E-3	0,9900	1,59E-3			0,9900	3,49E-3	0,9900	3,41E-3
1,0000	4,93E-2	1,0000	5,65E-2	1,0000	8,13E-3	1,0000	7,91E-3	1,0000	1,99E-4	1,0000	2,08E-4	1,0000	1,74E-3	1,0000	1,73E-3			1,0000	3,67E-3	1,0000	3,60E-3
