Date:	7/23/2012								
measured by:	Omer	 System:	ambient probe station						
Remeasuring second rounbd of devices. Had been sitting under (mild) vacuum. Lamp at about 65 W									
Voltage [V]	Current [A]	Voltage [V]	Current [A]	Voltage [V]	Current [A]	Voltage [V]	Current [A]	Voltage [V]	Current [A]
 	.4BG light	 	.3 Light	 	.2 Big Light	 	.4SG Light	 	.2Small Light
-1.0000	-5.42E-3	-1.0000	-3.35E-3	-1.0000	-3.48E-3	-1.0000	-3.06E-3	-1.0000	-1.37E-3
-0.9900	-5.41E-3	-0.9900	-3.35E-3	-0.9900	-3.47E-3	-0.9900	-3.06E-3	-0.9900	-1.37E-3
-0.9800	-5.41E-3	-0.9800	-3.35E-3	-0.9800	-3.47E-3	-0.9800	-3.06E-3	-0.9800	-1.37E-3
-0.9700	-5.41E-3	-0.9700	-3.35E-3	-0.9700	-3.46E-3	-0.9700	-3.06E-3	-0.9700	-1.37E-3
-0.9600	-5.40E-3	-0.9600	-3.35E-3	-0.9600	-3.46E-3	-0.9600	-3.06E-3	-0.9600	-1.37E-3
-0.9500	-5.41E-3	-0.9500	-3.35E-3	-0.9500	-3.46E-3	-0.9500	-3.06E-3	-0.9500	-1.37E-3
-0.9400	-5.41E-3	-0.9400	-3.34E-3	-0.9400	-3.46E-3	-0.9400	-3.05E-3	-0.9400	-1.37E-3
-0.9300	-5.42E-3	-0.9300	-3.34E-3	-0.9300	-3.47E-3	-0.9300	-3.06E-3	-0.9300	-1.37E-3
-0.9200	-5.42E-3	-0.9200	-3.35E-3	-0.9200	-3.47E-3	-0.9200	-3.07E-3	-0.9200	-1.36E-3
-0.9100	-5.43E-3	-0.9100	-3.35E-3	-0.9100	-3.46E-3	-0.9100	-3.06E-3	-0.9100	-1.37E-3
-0.9000	-5.42E-3	-0.9000	-3.34E-3	-0.9000	-3.46E-3	-0.9000	-3.06E-3	-0.9000	-1.37E-3
-0.8900	-5.42E-3	-0.8900	-3.34E-3	-0.8900	-3.46E-3	-0.8900	-3.06E-3	-0.8900	-1.37E-3
-0.8800	-5.39E-3	-0.8800	-3.34E-3	-0.8800	-3.46E-3	-0.8800	-3.06E-3	-0.8800	-1.36E-3
-0.8700	-5.39E-3	-0.8700	-3.34E-3	-0.8700	-3.46E-3	-0.8700	-3.06E-3	-0.8700	-1.36E-3
-0.8600	-5.40E-3	-0.8600	-3.34E-3	-0.8600	-3.46E-3	-0.8600	-3.06E-3	-0.8600	-1.36E-3
-0.8500	-5.39E-3	-0.8500	-3.33E-3	-0.8500	-3.47E-3	-0.8500	-3.06E-3	-0.8500	-1.36E-3
-0.8400	-5.39E-3	-0.8400	-3.33E-3	-0.8400	-3.46E-3	-0.8400	-3.07E-3	-0.8400	-1.36E-3
-0.8300	-5.39E-3	-0.8300	-3.33E-3	-0.8300	-3.46E-3	-0.8300	-3.06E-3	-0.8300	-1.37E-3
-0.8200	-5.39E-3	-0.8200	-3.32E-3	-0.8200	-3.45E-3	-0.8200	-3.06E-3	-0.8200	-1.37E-3
-0.8100	-5.38E-3	-0.8100	-3.32E-3	-0.8100	-3.45E-3	-0.8100	-3.06E-3	-0.8100	-1.36E-3
-0.8000	-5.37E-3	-0.8000	-3.32E-3	-0.8000	-3.45E-3	-0.8000	-3.06E-3	-0.8000	-1.36E-3
-0.7900	-5.37E-3	-0.7900	-3.32E-3	-0.7900	-3.45E-3	-0.7900	-3.06E-3	-0.7900	-1.36E-3
-0.7800	-5.38E-3	-0.7800	-3.32E-3	-0.7800	-3.45E-3	-0.7800	-3.05E-3	-0.7800	-1.36E-3
-0.7700	-5.38E-3	-0.7700	-3.32E-3	-0.7700	-3.45E-3	-0.7700	-3.05E-3	-0.7700	-1.36E-3
-0.7600	-5.39E-3	-0.7600	-3.32E-3	-0.7600	-3.45E-3	-0.7600	-3.05E-3	-0.7600	-1.36E-3
-0.7500	-5.39E-3	-0.7500	-3.33E-3	-0.7500	-3.45E-3	-0.7500	-3.04E-3	-0.7500	-1.36E-3
-0.7400	-5.39E-3	-0.7400	-3.33E-3	-0.7400	-3.45E-3	-0.7400	-3.04E-3	-0.7400	-1.36E-3
-0.7300	-5.38E-3	-0.7300	-3.33E-3	-0.7300	-3.45E-3	-0.7300	-3.05E-3	-0.7300	-1.35E-3
-0.7200	-5.37E-3	-0.7200	-3.32E-3	-0.7200	-3.45E-3	-0.7200	-3.05E-3	-0.7200	-1.35E-3
-0.7100	-5.38E-3	-0.7100	-3.32E-3	-0.7100	-3.44E-3	-0.7100	-3.06E-3	-0.7100	-1.35E-3
-0.7000	-5.38E-3	-0.7000	-3.32E-3	-0.7000	-3.44E-3	-0.7000	-3.07E-3	-0.7000	-1.35E-3
-0.6900	-5.39E-3	-0.6900	-3.31E-3	-0.6900	-3.44E-3	-0.6900	-3.08E-3	-0.6900	-1.35E-3
-0.6800	-5.40E-3	-0.6800	-3.32E-3	-0.6800	-3.44E-3	-0.6800	-3.08E-3	-0.6800	-1.35E-3
-0.6700	-5.40E-3	-0.6700	-3.32E-3	-0.6700	-3.43E-3	-0.6700	-3.08E-3	-0.6700	-1.35E-3
-0.6600	-5.39E-3	-0.6600	-3.31E-3	-0.6600	-3.43E-3	-0.6600	-3.08E-3	-0.6600	-1.35E-3
-0.6500	-5.38E-3	-0.6500	-3.31E-3	-0.6500	-3.43E-3	-0.6500	-3.08E-3	-0.6500	-1.35E-3
-0.6400	-5.38E-3	-0.6400	-3.31E-3	-0.6400	-3.44E-3	-0.6400	-3.08E-3	-0.6400	-1.35E-3
-0.6300	-5.38E-3	-0.6300	-3.30E-3	-0.6300	-3.44E-3	-0.6300	-3.07E-3	-0.6300	-1.35E-3
-0.6200	-5.39E-3	-0.6200	-3.30E-3	-0.6200	-3.43E-3	-0.6200	-3.07E-3	-0.6200	-1.35E-3
-0.6100	-5.39E-3	-0.6100	-3.30E-3	-0.6100	-3.43E-3	-0.6100	-3.07E-3	-0.6100	-1.35E-3
-0.6000	-5.40E-3	-0.6000	-3.30E-3	-0.6000	-3.43E-3	-0.6000	-3.07E-3	-0.6000	-1.35E-3
-0.5900	-5.39E-3	-0.5900	-3.30E-3	-0.5900	-3.43E-3	-0.5900	-3.07E-3	-0.5900	-1.35E-3
-0.5800	-5.38E-3	-0.5800	-3.30E-3	-0.5800	-3.43E-3	-0.5800	-3.07E-3	-0.5800	-1.35E-3
-0.5700	-5.36E-3	-0.5700	-3.29E-3	-0.5700	-3.43E-3	-0.5700	-3.07E-3	-0.5700	-1.35E-3
-0.5600	-5.36E-3	-0.5600	-3.29E-3	-0.5600	-3.44E-3	-0.5600	-3.07E-3	-0.5600	-1.35E-3
-0.5500	-5.36E-3	-0.5500	-3.28E-3	-0.5500	-3.44E-3	-0.5500	-3.07E-3	-0.5500	-1.34E-3
-0.5400	-5.35E-3	-0.5400	-3.28E-3	-0.5400	-3.43E-3	-0.5400	-3.06E-3	-0.5400	-1.34E-3
-0.5300	-5.35E-3	-0.5300	-3.28E-3	-0.5300	-3.43E-3	-0.5300	-3.06E-3	-0.5300	-1.34E-3
-0.5200	-5.35E-3	-0.5200	-3.27E-3	-0.5200	-3.42E-3	-0.5200	-3.07E-3	-0.5200	-1.34E-3
-0.5100	-5.35E-3	-0.5100	-3.27E-3	-0.5100	-3.42E-3	-0.5100	-3.07E-3	-0.5100	-1.34E-3
-0.5000	-5.35E-3	-0.5000	-3.27E-3	-0.5000	-3.41E-3	-0.5000	-3.07E-3	-0.5000	-1.34E-3
-0.4900	-5.34E-3	-0.4900	-3.27E-3	-0.4900	-3.42E-3	-0.4900	-3.07E-3	-0.4900	-1.34E-3
-0.4800	-5.34E-3	-0.4800	-3.26E-3	-0.4800	-3.42E-3	-0.4800	-3.06E-3	-0.4800	-1.34E-3
-0.4700	-5.33E-3	-0.4700	-3.25E-3	-0.4700	-3.43E-3	-0.4700	-3.06E-3	-0.4700	-1.34E-3
-0.4600	-5.32E-3	-0.4600	-3.24E-3	-0.4600	-3.42E-3	-0.4600	-3.06E-3	-0.4600	-1.34E-3
-0.4500	-5.31E-3	-0.4500	-3.24E-3	-0.4500	-3.42E-3	-0.4500	-3.06E-3	-0.4500	-1.34E-3
-0.4400	-5.30E-3	-0.4400	-3.23E-3	-0.4400	-3.41E-3	-0.4400	-3.06E-3	-0.4400	-1.34E-3
-0.4300	-5.28E-3	-0.4300	-3.23E-3	-0.4300	-3.41E-3	-0.4300	-3.05E-3	-0.4300	-1.33E-3
-0.4200	-5.26E-3	-0.4200	-3.22E-3	-0.4200	-3.41E-3	-0.4200	-3.05E-3	-0.4200	-1.33E-3
-0.4100	-5.24E-3	-0.4100	-3.20E-3	-0.4100	-3.41E-3	-0.4100	-3.05E-3	-0.4100	-1.33E-3
-0.4000	-5.23E-3	-0.4000	-3.19E-3	-0.4000	-3.42E-3	-0.4000	-3.05E-3	-0.4000	-1.33E-3
-0.3900	-5.23E-3	-0.3900	-3.17E-3	-0.3900	-3.42E-3	-0.3900	-3.06E-3	-0.3900	-1.33E-3
-0.3800	-5.22E-3	-0.3800	-3.16E-3	-0.3800	-3.41E-3	-0.3800	-3.05E-3	-0.3800	-1.32E-3
-0.3700	-5.22E-3	-0.3700	-3.15E-3	-0.3700	-3.40E-3	-0.3700	-3.05E-3	-0.3700	-1.32E-3
-0.3600	-5.21E-3	-0.3600	-3.14E-3	-0.3600	-3.39E-3	-0.3600	-3.05E-3	-0.3600	-1.32E-3
-0.3500	-5.19E-3	-0.3500	-3.12E-3	-0.3500	-3.39E-3	-0.3500	-3.05E-3	-0.3500	-1.32E-3
-0.3400	-5.17E-3	-0.3400	-3.11E-3	-0.3400	-3.38E-3	-0.3400	-3.05E-3	-0.3400	-1.32E-3
-0.3300	-5.15E-3	-0.3300	-3.09E-3	-0.3300	-3.38E-3	-0.3300	-3.05E-3	-0.3300	-1.32E-3
-0.3200	-5.13E-3	-0.3200	-3.07E-3	-0.3200	-3.38E-3	-0.3200	-3.04E-3	-0.3200	-1.31E-3
-0.3100	-5.11E-3	-0.3100	-3.05E-3	-0.3100	-3.38E-3	-0.3100	-3.04E-3	-0.3100	-1.31E-3
-0.3000	-5.09E-3	-0.3000	-3.03E-3	-0.3000	-3.37E-3	-0.3000	-3.04E-3	-0.3000	-1.30E-3
-0.2900	-5.07E-3	-0.2900	-3.02E-3	-0.2900	-3.36E-3	-0.2900	-3.04E-3	-0.2900	-1.30E-3
-0.2800	-5.06E-3	-0.2800	-3.00E-3	-0.2800	-3.35E-3	-0.2800	-3.03E-3	-0.2800	-1.30E-3
-0.2700	-5.04E-3	-0.2700	-2.97E-3	-0.2700	-3.35E-3	-0.2700	-3.03E-3	-0.2700	-1.29E-3
-0.2600	-5.00E-3	-0.2600	-2.95E-3	-0.2600	-3.35E-3	-0.2600	-3.03E-3	-0.2600	-1.28E-3
-0.2500	-4.96E-3	-0.2500	-2.92E-3	-0.2500	-3.34E-3	-0.2500	-3.03E-3	-0.2500	-1.28E-3
-0.2400	-4.93E-3	-0.2400	-2.89E-3	-0.2400	-3.34E-3	-0.2400	-3.03E-3	-0.2400	-1.27E-3
-0.2300	-4.89E-3	-0.2300	-2.86E-3	-0.2300	-3.33E-3	-0.2300	-3.03E-3	-0.2300	-1.27E-3
-0.2200	-4.84E-3	-0.2200	-2.83E-3	-0.2200	-3.32E-3	-0.2200	-3.03E-3	-0.2200	-1.26E-3
-0.2100	-4.80E-3	-0.2100	-2.80E-3	-0.2100	-3.30E-3	-0.2100	-3.03E-3	-0.2100	-1.25E-3
-0.2000	-4.75E-3	-0.2000	-2.76E-3	-0.2000	-3.27E-3	-0.2000	-3.02E-3	-0.2000	-1.25E-3
-0.1900	-4.69E-3	-0.1900	-2.73E-3	-0.1900	-3.25E-3	-0.1900	-3.02E-3	-0.1900	-1.24E-3
-0.1800	-4.63E-3	-0.1800	-2.69E-3	-0.1800	-3.23E-3	-0.1800	-3.02E-3	-0.1800	-1.23E-3
-0.1700	-4.56E-3	-0.1700	-2.65E-3	-0.1700	-3.21E-3	-0.1700	-3.01E-3	-0.1700	-1.22E-3
-0.1600	-4.49E-3	-0.1600	-2.61E-3	-0.1600	-3.18E-3	-0.1600	-3.00E-3	-0.1600	-1.21E-3
-0.1500	-4.40E-3	-0.1500	-2.56E-3	-0.1500	-3.15E-3	-0.1500	-3.00E-3	-0.1500	-1.20E-3
-0.1400	-4.31E-3	-0.1400	-2.52E-3	-0.1400	-3.11E-3	-0.1400	-3.00E-3	-0.1400	-1.18E-3
-0.1300	-4.22E-3	-0.1300	-2.47E-3	-0.1300	-3.06E-3	-0.1300	-2.99E-3	-0.1300	-1.17E-3
-0.1200	-4.12E-3	-0.1200	-2.42E-3	-0.1200	-3.01E-3	-0.1200	-2.99E-3	-0.1200	-1.16E-3
-0.1100	-4.01E-3	-0.1100	-2.37E-3	-0.1100	-2.95E-3	-0.1100	-2.99E-3	-0.1100	-1.14E-3
-0.1000	-3.89E-3	-0.1000	-2.31E-3	-0.1000	-2.89E-3	-0.1000	-2.99E-3	-0.1000	-1.13E-3
-0.0900	-3.77E-3	-0.0900	-2.25E-3	-0.0900	-2.82E-3	-0.0900	-2.99E-3	-0.0900	-1.11E-3
-0.0800	-3.64E-3	-0.0800	-2.19E-3	-0.0800	-2.75E-3	-0.0800	-2.98E-3	-0.0800	-1.09E-3
-0.0700	-3.50E-3	-0.0700	-2.13E-3	-0.0700	-2.67E-3	-0.0700	-2.97E-3	-0.0700	-1.07E-3
-0.0600	-3.37E-3	-0.0600	-2.06E-3	-0.0600	-2.59E-3	-0.0600	-2.97E-3	-0.0600	-1.04E-3
-0.0500	-3.23E-3	-0.0500	-2.00E-3	-0.0500	-2.50E-3	-0.0500	-2.96E-3	-0.0500	-1.02E-3
-0.0400	-3.08E-3	-0.0400	-1.93E-3	-0.0400	-2.40E-3	-0.0400	-2.94E-3	-0.0400	-9.88E-4
-0.0300	-2.94E-3	-0.0300	-1.86E-3	-0.0300	-2.30E-3	-0.0300	-2.93E-3	-0.0300	-9.59E-4
-0.0200	-2.79E-3	-0.0200	-1.79E-3	-0.0200	-2.20E-3	-0.0200	-2.92E-3	-0.0200	-9.28E-4
-0.0100	-2.64E-3	-0.0100	-1.71E-3	-0.0100	-2.09E-3	-0.0100	-2.90E-3	-0.0100	-8.97E-4
0.0000	-2.49E-3	0.0000	-1.64E-3	0.0000	-1.99E-3	0.0000	-2.88E-3	0.0000	-8.64E-4
0.0100	-2.34E-3	0.0100	-1.57E-3	0.0100	-1.88E-3	0.0100	-2.86E-3	0.0100	-8.29E-4
0.0200	-2.19E-3	0.0200	-1.49E-3	0.0200	-1.77E-3	0.0200	-2.84E-3	0.0200	-7.93E-4
0.0300	-2.04E-3	0.0300	-1.42E-3	0.0300	-1.66E-3	0.0300	-2.81E-3	0.0300	-7.56E-4
0.0400	-1.90E-3	0.0400	-1.34E-3	0.0400	-1.55E-3	0.0400	-2.78E-3	0.0400	-7.18E-4
0.0500	-1.76E-3	0.0500	-1.26E-3	0.0500	-1.45E-3	0.0500	-2.75E-3	0.0500	-6.81E-4
0.0600	-1.62E-3	0.0600	-1.19E-3	0.0600	-1.34E-3	0.0600	-2.72E-3	0.0600	-6.43E-4
0.0700	-1.49E-3	0.0700	-1.11E-3	0.0700	-1.23E-3	0.0700	-2.68E-3	0.0700	-6.05E-4
0.0800	-1.36E-3	0.0800	-1.04E-3	0.0800	-1.13E-3	0.0800	-2.63E-3	0.0800	-5.67E-4
0.0900	-1.24E-3	0.0900	-9.64E-4	0.0900	-1.03E-3	0.0900	-2.58E-3	0.0900	-5.29E-4
0.1000	-1.12E-3	0.1000	-8.92E-4	0.1000	-9.28E-4	0.1000	-2.52E-3	0.1000	-4.91E-4
0.1100	-1.01E-3	0.1100	-8.23E-4	0.1100	-8.26E-4	0.1100	-2.46E-3	0.1100	-4.55E-4
0.1200	-9.03E-4	0.1200	-7.55E-4	0.1200	-7.24E-4	0.1200	-2.38E-3	0.1200	-4.19E-4
0.1300	-8.03E-4	0.1300	-6.91E-4	0.1300	-6.23E-4	0.1300	-2.31E-3	0.1300	-3.85E-4
0.1400	-7.10E-4	0.1400	-6.28E-4	0.1400	-5.23E-4	0.1400	-2.22E-3	0.1400	-3.51E-4
0.1500	-6.23E-4	0.1500	-5.66E-4	0.1500	-4.22E-4	0.1500	-2.13E-3	0.1500	-3.18E-4
0.1600	-5.42E-4	0.1600	-5.09E-4	0.1600	-3.19E-4	0.1600	-2.04E-3	0.1600	-2.87E-4
0.1700	-4.66E-4	0.1700	-4.54E-4	0.1700	-2.16E-4	0.1700	-1.94E-3	0.1700	-2.57E-4
0.1800	-3.97E-4	0.1800	-4.02E-4	0.1800	-1.11E-4	0.1800	-1.84E-3	0.1800	-2.29E-4
0.1900	-3.34E-4	0.1900	-3.54E-4	0.1900	-6.58E-6	0.1900	-1.74E-3	0.1900	-2.02E-4
0.2000	-2.77E-4	0.2000	-3.08E-4	0.2000	9.86E-5	0.2000	-1.64E-3	0.2000	-1.77E-4
0.2100	-2.25E-4	0.2100	-2.65E-4	0.2100	2.05E-4	0.2100	-1.54E-3	0.2100	-1.53E-4
0.2200	-1.80E-4	0.2200	-2.26E-4	0.2200	3.10E-4	0.2200	-1.43E-3	0.2200	-1.32E-4
0.2300	-1.39E-4	0.2300	-1.89E-4	0.2300	4.16E-4	0.2300	-1.33E-3	0.2300	-1.13E-4
0.2400	-1.02E-4	0.2400	-1.56E-4	0.2400	5.22E-4	0.2400	-1.23E-3	0.2400	-9.43E-5
0.2500	-6.94E-5	0.2500	-1.27E-4	0.2500	6.26E-4	0.2500	-1.12E-3	0.2500	-7.81E-5
0.2600	-3.95E-5	0.2600	-1.02E-4	0.2600	7.30E-4	0.2600	-1.03E-3	0.2600	-6.34E-5
0.2700	-1.14E-5	0.2700	-7.95E-5	0.2700	8.34E-4	0.2700	-9.30E-4	0.2700	-5.05E-5
0.2800	1.49E-5	0.2800	-6.07E-5	0.2800	9.36E-4	0.2800	-8.37E-4	0.2800	-3.92E-5
0.2900	4.16E-5	0.2900	-4.50E-5	0.2900	1.04E-3	0.2900	-7.48E-4	0.2900	-2.98E-5
0.3000	6.94E-5	0.3000	-3.22E-5	0.3000	1.14E-3	0.3000	-6.62E-4	0.3000	-2.19E-5
0.3100	9.90E-5	0.3100	-2.22E-5	0.3100	1.24E-3	0.3100	-5.82E-4	0.3100	-1.56E-5
0.3200	1.32E-4	0.3200	-1.47E-5	0.3200	1.34E-3	0.3200	-5.05E-4	0.3200	-1.07E-5
0.3300	1.68E-4	0.3300	-9.18E-6	0.3300	1.44E-3	0.3300	-4.35E-4	0.3300	-7.14E-6
0.3400	2.08E-4	0.3400	-5.16E-6	0.3400	1.54E-3	0.3400	-3.69E-4	0.3400	-4.61E-6
0.3500	2.54E-4	0.3500	-2.23E-6	0.3500	1.64E-3	0.3500	-3.08E-4	0.3500	-2.83E-6
0.3600	3.04E-4	0.3600	-8.66E-8	0.3600	1.74E-3	0.3600	-2.53E-4	0.3600	-1.60E-6
0.3700	3.60E-4	0.3700	1.52E-6	0.3700	1.84E-3	0.3700	-2.03E-4	0.3700	-7.49E-7
0.3800	4.22E-4	0.3800	2.97E-6	0.3800	1.94E-3	0.3800	-1.59E-4	0.3800	-1.25E-7
0.3900	4.89E-4	0.3900	4.32E-6	0.3900	2.04E-3	0.3900	-1.22E-4	0.3900	3.46E-7
0.4000	5.61E-4	0.4000	5.71E-6	0.4000	2.15E-3	0.4000	-9.00E-5	0.4000	7.31E-7
0.4100	6.38E-4	0.4100	7.23E-6	0.4100	2.25E-3	0.4100	-6.34E-5	0.4100	1.10E-6
0.4200	7.21E-4	0.4200	8.94E-6	0.4200	2.35E-3	0.4200	-4.24E-5	0.4200	1.47E-6
0.4300	8.08E-4	0.4300	1.09E-5	0.4300	2.46E-3	0.4300	-2.64E-5	0.4300	1.86E-6
0.4400	9.01E-4	0.4400	1.31E-5	0.4400	2.57E-3	0.4400	-1.43E-5	0.4400	2.30E-6
0.4500	9.97E-4	0.4500	1.56E-5	0.4500	2.67E-3	0.4500	-5.38E-6	0.4500	2.78E-6
0.4600	1.10E-3	0.4600	1.85E-5	0.4600	2.78E-3	0.4600	1.30E-6	0.4600	3.33E-6
0.4700	1.20E-3	0.4700	2.18E-5	0.4700	2.89E-3	0.4700	6.25E-6	0.4700	3.95E-6
0.4800	1.31E-3	0.4800	2.55E-5	0.4800	2.99E-3	0.4800	1.02E-5	0.4800	4.66E-6
0.4900	1.42E-3	0.4900	2.98E-5	0.4900	3.10E-3	0.4900	1.37E-5	0.4900	5.47E-6
0.5000	1.53E-3	0.5000	3.47E-5	0.5000	3.21E-3	0.5000	1.69E-5	0.5000	6.40E-6
0.5100	1.65E-3	0.5100	4.02E-5	0.5100	3.32E-3	0.5100	2.00E-5	0.5100	7.43E-6
0.5200	1.77E-3	0.5200	4.64E-5	0.5200	3.43E-3	0.5200	2.32E-5	0.5200	8.61E-6
0.5300	1.89E-3	0.5300	5.35E-5	0.5300	3.55E-3	0.5300	2.67E-5	0.5300	9.97E-6
0.5400	2.02E-3	0.5400	6.14E-5	0.5400	3.66E-3	0.5400	3.03E-5	0.5400	1.15E-5
0.5500	2.15E-3	0.5500	7.03E-5	0.5500	3.77E-3	0.5500	3.42E-5	0.5500	1.33E-5
0.5600	2.28E-3	0.5600	8.04E-5	0.5600	3.89E-3	0.5600	3.86E-5	0.5600	1.54E-5
0.5700	2.41E-3	0.5700	9.16E-5	0.5700	4.00E-3	0.5700	4.33E-5	0.5700	1.76E-5
0.5800	2.54E-3	0.5800	1.04E-4	0.5800	4.12E-3	0.5800	4.85E-5	0.5800	2.02E-5
0.5900	2.68E-3	0.5900	1.18E-4	0.5900	4.23E-3	0.5900	5.44E-5	0.5900	2.32E-5
0.6000	2.82E-3	0.6000	1.33E-4	0.6000	4.35E-3	0.6000	6.09E-5	0.6000	2.65E-5
0.6100	2.96E-3	0.6100	1.50E-4	0.6100	4.47E-3	0.6100	6.82E-5	0.6100	3.02E-5
0.6200	3.11E-3	0.6200	1.69E-4	0.6200	4.59E-3	0.6200	7.64E-5	0.6200	3.43E-5
0.6300	3.25E-3	0.6300	1.90E-4	0.6300	4.71E-3	0.6300	8.54E-5	0.6300	3.89E-5
0.6400	3.40E-3	0.6400	2.13E-4	0.6400	4.83E-3	0.6400	9.56E-5	0.6400	4.41E-5
0.6500	3.55E-3	0.6500	2.37E-4	0.6500	4.95E-3	0.6500	1.07E-4	0.6500	4.99E-5
0.6600	3.70E-3	0.6600	2.64E-4	0.6600	5.07E-3	0.6600	1.20E-4	0.6600	5.63E-5
0.6700	3.85E-3	0.6700	2.94E-4	0.6700	5.20E-3	0.6700	1.34E-4	0.6700	6.34E-5
0.6800	4.01E-3	0.6800	3.25E-4	0.6800	5.32E-3	0.6800	1.50E-4	0.6800	7.12E-5
0.6900	4.17E-3	0.6900	3.59E-4	0.6900	5.45E-3	0.6900	1.68E-4	0.6900	7.98E-5
0.7000	4.33E-3	0.7000	3.96E-4	0.7000	5.58E-3	0.7000	1.88E-4	0.7000	8.93E-5
0.7100	4.49E-3	0.7100	4.35E-4	0.7100	5.70E-3	0.7100	2.10E-4	0.7100	9.97E-5
0.7200	4.65E-3	0.7200	4.77E-4	0.7200	5.84E-3	0.7200	2.35E-4	0.7200	1.11E-4
0.7300	4.82E-3	0.7300	5.21E-4	0.7300	5.97E-3	0.7300	2.63E-4	0.7300	1.23E-4
0.7400	4.98E-3	0.7400	5.68E-4	0.7400	6.10E-3	0.7400	2.93E-4	0.7400	1.37E-4
0.7500	5.15E-3	0.7500	6.17E-4	0.7500	6.24E-3	0.7500	3.26E-4	0.7500	1.51E-4
0.7600	5.33E-3	0.7600	6.69E-4	0.7600	6.37E-3	0.7600	3.63E-4	0.7600	1.67E-4
0.7700	5.50E-3	0.7700	7.23E-4	0.7700	6.51E-3	0.7700	4.03E-4	0.7700	1.83E-4
0.7800	5.68E-3	0.7800	7.80E-4	0.7800	6.65E-3	0.7800	4.46E-4	0.7800	2.01E-4
0.7900	5.86E-3	0.7900	8.39E-4	0.7900	6.79E-3	0.7900	4.94E-4	0.7900	2.21E-4
0.8000	6.04E-3	0.8000	8.99E-4	0.8000	6.94E-3	0.8000	5.45E-4	0.8000	2.41E-4
0.8100	6.22E-3	0.8100	9.62E-4	0.8100	7.08E-3	0.8100	6.00E-4	0.8100	2.63E-4
0.8200	6.41E-3	0.8200	1.03E-3	0.8200	7.23E-3	0.8200	6.59E-4	0.8200	2.86E-4
0.8300	6.59E-3	0.8300	1.09E-3	0.8300	7.38E-3	0.8300	7.23E-4	0.8300	3.10E-4
0.8400	6.78E-3	0.8400	1.16E-3	0.8400	7.53E-3	0.8400	7.91E-4	0.8400	3.35E-4
0.8500	6.97E-3	0.8500	1.23E-3	0.8500	7.69E-3	0.8500	8.63E-4	0.8500	3.62E-4
0.8600	7.17E-3	0.8600	1.30E-3	0.8600	7.84E-3	0.8600	9.39E-4	0.8600	3.90E-4
0.8700	7.36E-3	0.8700	1.38E-3	0.8700	8.00E-3	0.8700	1.02E-3	0.8700	4.19E-4
0.8800	7.56E-3	0.8800	1.45E-3	0.8800	8.15E-3	0.8800	1.11E-3	0.8800	4.49E-4
0.8900	7.76E-3	0.8900	1.53E-3	0.8900	8.31E-3	0.8900	1.19E-3	0.8900	4.81E-4
0.9000	7.96E-3	0.9000	1.60E-3	0.9000	8.48E-3	0.9000	1.29E-3	0.9000	5.14E-4
0.9100	8.17E-3	0.9100	1.68E-3	0.9100	8.64E-3	0.9100	1.38E-3	0.9100	5.47E-4
0.9200	8.37E-3	0.9200	1.76E-3	0.9200	8.80E-3	0.9200	1.49E-3	0.9200	5.82E-4
0.9300	8.58E-3	0.9300	1.84E-3	0.9300	8.97E-3	0.9300	1.59E-3	0.9300	6.19E-4
0.9400	8.79E-3	0.9400	1.92E-3	0.9400	9.14E-3	0.9400	1.70E-3	0.9400	6.57E-4
0.9500	9.01E-3	0.9500	2.00E-3	0.9500	9.31E-3	0.9500	1.81E-3	0.9500	6.96E-4
0.9600	9.22E-3	0.9600	2.08E-3	0.9600	9.48E-3	0.9600	1.93E-3	0.9600	7.36E-4
0.9700	9.44E-3	0.9700	2.16E-3	0.9700	9.66E-3	0.9700	2.05E-3	0.9700	7.78E-4
0.9800	9.65E-3	0.9800	2.24E-3	0.9800	9.83E-3	0.9800	2.17E-3	0.9800	8.21E-4
0.9900	9.88E-3	0.9900	2.33E-3	0.9900	1.00E-2	0.9900	2.30E-3	0.9900	8.66E-4
1.0000	1.01E-2	1.0000	2.41E-3	1.0000	1.02E-2	1.0000	2.43E-3	1.0000	9.13E-4
