1500.0000	37.974
1498.0000	38.018
1496.0000	38.079
1494.0000	38.163
1492.0000	38.265
1490.0000	38.395
1488.0000	38.507
1486.0000	38.61
1484.0000	38.709
1482.0000	38.825
1480.0000	38.937
1478.0000	39.044
1476.0000	39.148
1474.0000	39.25
1472.0000	39.369
1470.0000	39.484
1468.0000	39.58
1466.0000	39.681
1464.0000	39.766
1462.0000	39.866
1460.0000	39.963
1458.0000	40.06
1456.0000	40.157
1454.0000	40.249
1452.0000	40.341
1450.0000	40.416
1448.0000	40.499
1446.0000	40.572
1444.0000	40.656
1442.0000	40.725
1440.0000	40.8
1438.0000	40.874
1436.0000	40.943
1434.0000	41.032
1432.0000	41.098
1430.0000	41.177
1428.0000	41.228
1426.0000	41.281
1424.0000	41.336
1422.0000	41.394
1420.0000	41.449
1418.0000	41.488
1416.0000	41.521
1414.0000	41.557
1412.0000	41.593
1410.0000	41.631
1408.0000	41.652
1406.0000	41.663
1404.0000	41.683
1402.0000	41.697
1400.0000	41.72
1398.0000	41.727
1396.0000	41.746
1394.0000	41.75
1392.0000	41.75
1390.0000	41.748
1388.0000	41.747
1386.0000	41.755
1384.0000	41.772
1382.0000	41.795
1380.0000	41.81
1378.0000	41.828
1376.0000	41.841
1374.0000	41.871
1372.0000	41.901
1370.0000	41.937
1368.0000	41.959
1366.0000	41.99
1364.0000	42.046
1362.0000	42.104
1360.0000	42.157
1358.0000	42.217
1356.0000	42.278
1354.0000	42.364
1352.0000	42.438
1350.0000	42.535
1348.0000	42.605
1346.0000	42.697
1344.0000	42.777
1342.0000	42.878
1340.0000	42.955
1338.0000	43.048
1336.0000	43.135
1334.0000	43.219
1332.0000	43.306
1330.0000	43.379
1328.0000	43.459
1326.0000	43.52
1324.0000	43.599
1322.0000	43.662
1320.0000	43.738
1318.0000	43.801
1316.0000	43.882
1314.0000	43.951
1312.0000	44.024
1310.0000	44.088
1308.0000	44.164
1306.0000	44.239
1304.0000	44.318
1302.0000	44.39
1300.0000	44.475
1298.0000	44.56
1296.0000	44.643
1294.0000	44.726
1292.0000	44.807
1290.0000	44.888
1288.0000	44.972
1286.0000	45.051
1284.0000	45.127
1282.0000	45.217
1280.0000	45.297
1278.0000	45.393
1276.0000	45.473
1274.0000	45.563
1272.0000	45.647
1270.0000	45.727
1268.0000	45.814
1266.0000	45.908
1264.0000	45.981
1262.0000	46.086
1260.0000	46.166
1258.0000	46.269
1256.0000	46.344
1254.0000	46.438
1252.0000	46.518
1250.0000	46.608
1248.0000	46.704
1246.0000	46.8
1244.0000	46.882
1242.0000	46.975
1240.0000	47.06
1238.0000	47.162
1236.0000	47.252
1234.0000	47.342
1232.0000	47.43
1230.0000	47.526
1228.0000	47.623
1226.0000	47.713
1224.0000	47.799
1222.0000	47.89
1220.0000	47.982
1218.0000	48.067
1216.0000	48.157
1214.0000	48.248
1212.0000	48.339
1210.0000	48.429
1208.0000	48.516
1206.0000	48.599
1204.0000	48.696
1202.0000	48.778
1200.0000	48.838
1198.0000	48.942
1196.0000	49.041
1194.0000	49.142
1192.0000	49.218
1190.0000	49.291
1188.0000	49.362
1186.0000	49.437
1184.0000	49.507
1182.0000	49.579
1180.0000	49.641
1178.0000	49.721
1176.0000	49.795
1174.0000	49.862
1172.0000	49.927
1170.0000	50.011
1168.0000	50.081
1166.0000	50.172
1164.0000	50.24
1162.0000	50.321
1160.0000	50.389
1158.0000	50.473
1156.0000	50.54
1154.0000	50.618
1152.0000	50.681
1150.0000	50.755
1148.0000	50.818
1146.0000	50.89
1144.0000	50.956
1142.0000	51.023
1140.0000	51.088
1138.0000	51.163
1136.0000	51.224
1134.0000	51.286
1132.0000	51.343
1130.0000	51.412
1128.0000	51.475
1126.0000	51.539
1124.0000	51.601
1122.0000	51.669
1120.0000	51.734
1118.0000	51.802
1116.0000	51.861
1114.0000	51.926
1112.0000	51.993
1110.0000	52.068
1108.0000	52.141
1106.0000	52.213
1104.0000	52.285
1102.0000	52.349
1100.0000	52.408
1098.0000	52.478
1096.0000	52.548
1094.0000	52.621
1092.0000	52.684
1090.0000	52.749
1088.0000	52.815
1086.0000	52.886
1084.0000	52.943
1082.0000	53.004
1080.0000	53.058
1078.0000	53.114
1076.0000	53.169
1074.0000	53.235
1072.0000	53.294
1070.0000	53.365
1068.0000	53.422
1066.0000	53.49
1064.0000	53.544
1062.0000	53.599
1060.0000	53.652
1058.0000	53.706
1056.0000	53.762
1054.0000	53.827
1052.0000	53.873
1050.0000	53.925
1048.0000	53.969
1046.0000	54.025
1044.0000	54.071
1042.0000	54.119
1040.0000	54.158
1038.0000	54.216
1036.0000	54.264
1034.0000	54.311
1032.0000	54.351
1030.0000	54.399
1028.0000	54.433
1026.0000	54.478
1024.0000	54.51
1022.0000	54.555
1020.0000	54.588
1018.0000	54.625
1016.0000	54.655
1014.0000	54.693
1012.0000	54.729
1010.0000	54.754
1008.0000	54.792
1006.0000	54.822
1004.0000	54.861
1002.0000	54.89
1000.0000	54.918
998.0000	54.937
996.0000	54.955
994.0000	54.97
992.0000	54.998
990.0000	55.023
988.0000	55.046
986.0000	55.048
984.0000	55.064
982.0000	55.072
980.0000	55.083
978.0000	55.088
976.0000	55.094
974.0000	55.102
972.0000	55.104
970.0000	55.098
968.0000	55.08
966.0000	55.079
964.0000	55.069
962.0000	55.073
960.0000	55.042
958.0000	55.02
956.0000	54.998
954.0000	54.984
952.0000	54.958
950.0000	54.931
948.0000	54.899
946.0000	54.871
944.0000	54.831
942.0000	54.784
940.0000	54.73
938.0000	54.703
936.0000	54.655
934.0000	54.621
932.0000	54.566
930.0000	54.513
928.0000	54.45
926.0000	54.398
924.0000	54.32
922.0000	54.256
920.0000	54.191
918.0000	54.124
916.0000	54.049
914.0000	53.968
912.0000	53.881
910.0000	53.812
908.0000	53.731
906.0000	53.649
904.0000	53.564
902.0000	53.466
900.0000	53.37
898.0000	53.275
896.0000	53.172
894.0000	53.072
892.0000	52.958
890.0000	52.853
888.0000	52.752
886.0000	52.64
884.0000	52.555
882.0000	52.431
880.0000	52.321
878.0000	52.199
876.0000	52.09
874.0000	51.977
872.0000	51.889
870.0000	51.782
868.0000	51.676
866.0000	51.564
864.0000	51.449
862.0000	51.339
860.0000	50.88
858.0000	50.774
856.0000	50.752
854.0000	50.904
852.0000	50.932
850.0000	51.016
848.0000	50.976
846.0000	51.015
844.0000	50.964
842.0000	50.958
840.0000	51.014
838.0000	51.092
836.0000	51.204
834.0000	51.287
832.0000	51.408
830.0000	51.446
828.0000	51.504
826.0000	51.515
824.0000	51.605
822.0000	51.745
820.0000	51.842
818.0000	51.981
816.0000	52.102
814.0000	52.275
812.0000	52.405
810.0000	52.536
808.0000	52.696
806.0000	52.843
804.0000	52.924
802.0000	53.09
800.0000	53.211
798.0000	53.441
796.0000	53.605
794.0000	53.715
792.0000	53.899
790.0000	54.073
788.0000	54.261
786.0000	54.403
784.0000	54.558
782.0000	54.698
780.0000	54.863
778.0000	55.045
776.0000	55.226
774.0000	55.422
772.0000	55.583
770.0000	55.75
768.0000	55.883
766.0000	56.033
764.0000	56.188
762.0000	56.296
760.0000	56.406
758.0000	56.511
756.0000	56.673
754.0000	56.842
752.0000	57.044
750.0000	57.212
748.0000	57.292
746.0000	57.409
744.0000	57.555
742.0000	57.736
740.0000	57.899
738.0000	58.006
736.0000	58.071
734.0000	58.189
732.0000	58.305
730.0000	58.416
728.0000	58.521
726.0000	58.677
724.0000	58.8
722.0000	58.935
720.0000	59.022
718.0000	59.142
716.0000	59.253
714.0000	59.374
712.0000	59.465
710.0000	59.547
708.0000	59.663
706.0000	59.756
704.0000	59.851
702.0000	59.946
700.0000	60.049
698.0000	60.152
696.0000	60.252
694.0000	60.357
692.0000	60.486
690.0000	60.618
688.0000	60.719
686.0000	60.836
684.0000	60.929
682.0000	61.062
680.0000	61.207
678.0000	61.344
676.0000	61.51
674.0000	61.667
672.0000	61.787
670.0000	61.885
668.0000	61.998
666.0000	62.102
664.0000	62.221
662.0000	62.343
660.0000	62.446
658.0000	62.554
656.0000	62.671
654.0000	62.752
652.0000	62.863
650.0000	62.967
648.0000	63.064
646.0000	63.182
644.0000	63.269
642.0000	63.382
640.0000	63.494
638.0000	63.585
636.0000	63.701
634.0000	63.788
632.0000	63.886
630.0000	63.991
628.0000	64.091
626.0000	64.182
624.0000	64.274
622.0000	64.34
620.0000	64.455
618.0000	64.538
616.0000	64.649
614.0000	64.745
612.0000	64.822
610.0000	64.903
608.0000	64.992
606.0000	65.073
604.0000	65.187
602.0000	65.244
600.0000	65.361
598.0000	65.428
596.0000	65.53
594.0000	65.592
592.0000	65.675
590.0000	65.765
588.0000	65.84
586.0000	65.912
584.0000	66.001
582.0000	66.089
580.0000	66.158
578.0000	66.231
576.0000	66.328
574.0000	66.428
572.0000	66.502
570.0000	66.571
568.0000	66.647
566.0000	66.732
564.0000	66.824
562.0000	66.895
560.0000	66.97
558.0000	67.043
556.0000	67.128
554.0000	67.192
552.0000	67.269
550.0000	67.339
548.0000	67.416
546.0000	67.489
544.0000	67.574
542.0000	67.648
540.0000	67.701
538.0000	67.781
536.0000	67.821
534.0000	67.93
532.0000	68.002
530.0000	68.097
528.0000	68.188
526.0000	68.262
524.0000	68.327
522.0000	68.405
520.0000	68.507
518.0000	68.563
516.0000	68.645
514.0000	68.737
512.0000	68.818
510.0000	68.906
508.0000	68.964
506.0000	69.06
504.0000	69.123
502.0000	69.269
500.0000	69.395
498.0000	69.518
496.0000	69.642
494.0000	69.746
492.0000	69.888
490.0000	70.023
488.0000	70.21
486.0000	70.387
484.0000	70.593
482.0000	70.791
480.0000	70.96
478.0000	71.147
476.0000	71.302
474.0000	71.455
472.0000	71.608
470.0000	71.794
468.0000	71.957
466.0000	72.091
464.0000	72.269
462.0000	72.438
460.0000	72.585
458.0000	72.769
456.0000	72.913
454.0000	73.125
452.0000	73.298
450.0000	73.487
448.0000	73.679
446.0000	73.906
444.0000	74.12
442.0000	74.333
440.0000	74.527
438.0000	74.676
436.0000	74.874
434.0000	75.03
432.0000	75.174
430.0000	75.289
428.0000	75.388
426.0000	75.478
424.0000	75.606
422.0000	75.719
420.0000	75.99
418.0000	76.075
416.0000	76.16
414.0000	76.374
412.0000	76.533
410.0000	76.786
408.0000	76.9
406.0000	77.12
404.0000	77.198
402.0000	77.348
400.0000	77.435
398.0000	77.625
396.0000	77.848
394.0000	78.145
392.0000	78.379
390.0000	78.627
388.0000	78.783
386.0000	79.103
384.0000	79.464
382.0000	79.849
380.0000	80.239
378.0000	80.62
376.0000	81.128
374.0000	81.557
372.0000	81.979
370.0000	82.817
368.0000	83.144
366.0000	83.477
364.0000	84.02
362.0000	84.55
360.0000	84.897
358.0000	85.393
356.0000	85.905
354.0000	86.337
352.0000	86.823
350.0000	87.07
348.0000	87.043
346.0000	87.112
344.0000	87.48
342.0000	87.464
340.0000	87.623
338.0000	87.396
336.0000	86.925
334.0000	86.354
332.0000	85.499
330.0000	84.378
328.0000	82.622
326.0000	80.383
324.0000	77.297
322.0000	73.808
320.0000	69.47
318.0000	64.366
316.0000	58.509
314.0000	52.001
312.0000	45.003
310.0000	37.733
308.0000	30.555
306.0000	23.868
304.0000	17.957
302.0000	12.867
300.0000	8.787
