1500.0000 0.422344
1498.0000 0.422446
1496.0000 0.422573
1494.0000 0.42289
1492.0000 0.423168
1490.0000 0.423436
1488.0000 0.4239
1486.0000 0.424179
1484.0000 0.424781
1482.0000 0.424931
1480.0000 0.425141
1478.0000 0.425161
1476.0000 0.425683
1474.0000 0.42624
1472.0000 0.426559
1470.0000 0.426901
1468.0000 0.427121
1466.0000 0.427559
1464.0000 0.427912
1462.0000 0.428237
1460.0000 0.428526
1458.0000 0.428812
1456.0000 0.42925
1454.0000 0.429571
1452.0000 0.429923
1450.0000 0.430422
1448.0000 0.430699
1446.0000 0.431365
1444.0000 0.431629
1442.0000 0.43205
1440.0000 0.432356
1438.0000 0.432405
1436.0000 0.432906
1434.0000 0.433227
1432.0000 0.433856
1430.0000 0.434015
1428.0000 0.434584
1426.0000 0.434866
1424.0000 0.43516
1422.0000 0.435454
1420.0000 0.435549
1418.0000 0.436107
1416.0000 0.436465
1414.0000 0.43715
1412.0000 0.437345
1410.0000 0.437828
1408.0000 0.438195
1406.0000 0.438684
1404.0000 0.43893
1402.0000 0.439452
1400.0000 0.439454
1398.0000 0.44013
1396.0000 0.440402
1394.0000 0.4408
1392.0000 0.441322
1390.0000 0.441733
1388.0000 0.442396
1386.0000 0.442735
1384.0000 0.443157
1382.0000 0.443401
1380.0000 0.443959
1378.0000 0.444499
1376.0000 0.445125
1374.0000 0.44505
1372.0000 0.445414
1370.0000 0.445793
1368.0000 0.446808
1366.0000 0.447337
1364.0000 0.447761
1362.0000 0.447871
1360.0000 0.448518
1358.0000 0.448944
1356.0000 0.449487
1354.0000 0.449763
1352.0000 0.450293
1350.0000 0.450689
1348.0000 0.451689
1346.0000 0.451927
1344.0000 0.452449
1342.0000 0.452812
1340.0000 0.453599
1338.0000 0.454105
1336.0000 0.454371
1334.0000 0.454637
1332.0000 0.454793
1330.0000 0.455329
1328.0000 0.455461
1326.0000 0.456167
1324.0000 0.456401
1322.0000 0.456989
1320.0000 0.457144
1318.0000 0.457542
1316.0000 0.457783
1314.0000 0.458195
1312.0000 0.458531
1310.0000 0.459162
1308.0000 0.459543
1306.0000 0.460071
1304.0000 0.460509
1302.0000 0.461111
1300.0000 0.461407
1298.0000 0.461779
1296.0000 0.462139
1294.0000 0.462697
1292.0000 0.46312
1290.0000 0.463497
1288.0000 0.463947
1286.0000 0.464493
1284.0000 0.465082
1282.0000 0.46551
1280.0000 0.46598
1278.0000 0.466253
1276.0000 0.466839
1274.0000 0.46732
1272.0000 0.467891
1270.0000 0.468278
1268.0000 0.46871
1266.0000 0.469084
1264.0000 0.469715
1262.0000 0.470062
1260.0000 0.47075
1258.0000 0.471084
1256.0000 0.471614
1254.0000 0.471963
1252.0000 0.472614
1250.0000 0.473146
1248.0000 0.473528
1246.0000 0.473952
1244.0000 0.474531
1242.0000 0.474996
1240.0000 0.475453
1238.0000 0.475896
1236.0000 0.476401
1234.0000 0.476961
1232.0000 0.477266
1230.0000 0.477676
1228.0000 0.478003
1226.0000 0.478584
1224.0000 0.479104
1222.0000 0.4796
1220.0000 0.480098
1218.0000 0.480735
1216.0000 0.481221
1214.0000 0.481695
1212.0000 0.482069
1210.0000 0.482493
1208.0000 0.483016
1206.0000 0.483521
1204.0000 0.483983
1202.0000 0.484382
1200.0000 0.484582
1198.0000 0.484956
1196.0000 0.48535
1194.0000 0.485612
1192.0000 0.486078
1190.0000 0.486559
1188.0000 0.487169
1186.0000 0.487641
1184.0000 0.488119
1182.0000 0.488576
1180.0000 0.489103
1178.0000 0.489562
1176.0000 0.490105
1174.0000 0.490661
1172.0000 0.491357
1170.0000 0.491729
1168.0000 0.492399
1166.0000 0.492781
1164.0000 0.493414
1162.0000 0.49381
1160.0000 0.494331
1158.0000 0.494735
1156.0000 0.495223
1154.0000 0.495629
1152.0000 0.496261
1150.0000 0.49661
1148.0000 0.497186
1146.0000 0.497672
1144.0000 0.498135
1142.0000 0.498601
1140.0000 0.499086
1138.0000 0.499444
1136.0000 0.499899
1134.0000 0.500395
1132.0000 0.500899
1130.0000 0.501418
1128.0000 0.501981
1126.0000 0.5024
1124.0000 0.502878
1122.0000 0.503322
1120.0000 0.50378
1118.0000 0.504156
1116.0000 0.504724
1114.0000 0.505259
1112.0000 0.505824
1110.0000 0.50618
1108.0000 0.506528
1106.0000 0.506963
1104.0000 0.507488
1102.0000 0.508011
1100.0000 0.508465
1098.0000 0.508811
1096.0000 0.509259
1094.0000 0.509678
1092.0000 0.510152
1090.0000 0.510569
1088.0000 0.510845
1086.0000 0.511214
1084.0000 0.511743
1082.0000 0.512335
1080.0000 0.512813
1078.0000 0.513246
1076.0000 0.513598
1074.0000 0.513894
1072.0000 0.51432
1070.0000 0.514644
1068.0000 0.515075
1066.0000 0.515527
1064.0000 0.515947
1062.0000 0.516433
1060.0000 0.516861
1058.0000 0.51724
1056.0000 0.517587
1054.0000 0.517822
1052.0000 0.51839
1050.0000 0.518761
1048.0000 0.519119
1046.0000 0.519399
1044.0000 0.519763
1042.0000 0.520194
1040.0000 0.520648
1038.0000 0.520882
1036.0000 0.521173
1034.0000 0.521574
1032.0000 0.522079
1030.0000 0.522394
1028.0000 0.522867
1026.0000 0.52311
1024.0000 0.523414
1022.0000 0.523668
1020.0000 0.524012
1018.0000 0.524416
1016.0000 0.524814
1014.0000 0.525207
1012.0000 0.525496
1010.0000 0.525877
1008.0000 0.526183
1006.0000 0.526578
1004.0000 0.526811
1002.0000 0.527115
1000.0000 0.527416
998.0000 0.527878
996.0000 0.52841
994.0000 0.528822
992.0000 0.529098
990.0000 0.529265
988.0000 0.529501
986.0000 0.530001
984.0000 0.530267
982.0000 0.530648
980.0000 0.530825
978.0000 0.531197
976.0000 0.531485
974.0000 0.531803
972.0000 0.532018
970.0000 0.532311
968.0000 0.53267
966.0000 0.532828
964.0000 0.533221
962.0000 0.533454
960.0000 0.533915
958.0000 0.534227
956.0000 0.534503
954.0000 0.534639
952.0000 0.534867
950.0000 0.53513
948.0000 0.535393
946.0000 0.535752
944.0000 0.536069
942.0000 0.536554
940.0000 0.536959
938.0000 0.536988
936.0000 0.53736
934.0000 0.537407
932.0000 0.537737
930.0000 0.537911
928.0000 0.538296
926.0000 0.538522
924.0000 0.53897
922.0000 0.539205
920.0000 0.539425
918.0000 0.539552
916.0000 0.53971
914.0000 0.539978
912.0000 0.540243
910.0000 0.540531
908.0000 0.54065
906.0000 0.540982
904.0000 0.541205
902.0000 0.541612
900.0000 0.54172
898.0000 0.54174
896.0000 0.542035
894.0000 0.542339
892.0000 0.542825
890.0000 0.543003
888.0000 0.54323
886.0000 0.543533
884.0000 0.543726
882.0000 0.544207
880.0000 0.54409
878.0000 0.54428
876.0000 0.544492
874.0000 0.54476
872.0000 0.544844
870.0000 0.545156
868.0000 0.545524
866.0000 0.545838
864.0000 0.546119
862.0000 0.546388
860.0000 0.552307
858.0000 0.553406
856.0000 0.554517
854.0000 0.553048
852.0000 0.553252
850.0000 0.551501
848.0000 0.552735
846.0000 0.552339
844.0000 0.553305
842.0000 0.554184
840.0000 0.554456
838.0000 0.555035
836.0000 0.55487
834.0000 0.554954
832.0000 0.554309
830.0000 0.555063
828.0000 0.555323
826.0000 0.556459
824.0000 0.556846
822.0000 0.556378
820.0000 0.556414
818.0000 0.555475
816.0000 0.555713
814.0000 0.555799
812.0000 0.556563
810.0000 0.556561
808.0000 0.557014
806.0000 0.556546
804.0000 0.557673
802.0000 0.558069
800.0000 0.558437
798.0000 0.55779
796.0000 0.557631
794.0000 0.558313
792.0000 0.558629
790.0000 0.559108
788.0000 0.559553
786.0000 0.559693
784.0000 0.560447
782.0000 0.560617
780.0000 0.5612
778.0000 0.560877
776.0000 0.561084
774.0000 0.560756
772.0000 0.561212
770.0000 0.56135
768.0000 0.562083
766.0000 0.562497
764.0000 0.563039
762.0000 0.563748
760.0000 0.564192
758.0000 0.564961
756.0000 0.565519
754.0000 0.565824
752.0000 0.565276
750.0000 0.565471
748.0000 0.565595
746.0000 0.56635
744.0000 0.566356
742.0000 0.566383
740.0000 0.567209
738.0000 0.56798
736.0000 0.56861
734.0000 0.569035
732.0000 0.56942
730.0000 0.570084
728.0000 0.570398
726.0000 0.570111
724.0000 0.57048
722.0000 0.570512
720.0000 0.571078
718.0000 0.571333
716.0000 0.571893
714.0000 0.572195
712.0000 0.572783
710.0000 0.573297
708.0000 0.573596
706.0000 0.574103
704.0000 0.574647
702.0000 0.575189
700.0000 0.575596
698.0000 0.575831
696.0000 0.576095
694.0000 0.576209
692.0000 0.576105
690.0000 0.575927
688.0000 0.575933
686.0000 0.575854
684.0000 0.576214
682.0000 0.576486
680.0000 0.576731
678.0000 0.577584
676.0000 0.578447
674.0000 0.579501
672.0000 0.580224
670.0000 0.580636
668.0000 0.580675
666.0000 0.580951
664.0000 0.58148
662.0000 0.581706
660.0000 0.582108
658.0000 0.582321
656.0000 0.582906
654.0000 0.583639
652.0000 0.584199
650.0000 0.584541
648.0000 0.585066
646.0000 0.585287
644.0000 0.586041
642.0000 0.586381
640.0000 0.586664
638.0000 0.587119
636.0000 0.587363
634.0000 0.587895
632.0000 0.588271
630.0000 0.588518
628.0000 0.588884
626.0000 0.589522
624.0000 0.58998
622.0000 0.590824
620.0000 0.590931
618.0000 0.591256
616.0000 0.591483
614.0000 0.592024
612.0000 0.592895
610.0000 0.593413
608.0000 0.59394
606.0000 0.594424
604.0000 0.594584
602.0000 0.595244
600.0000 0.595291
598.0000 0.596013
596.0000 0.596237
594.0000 0.596825
592.0000 0.597282
590.0000 0.597727
588.0000 0.598472
586.0000 0.598974
584.0000 0.599414
582.0000 0.599635
580.0000 0.60012
578.0000 0.600578
576.0000 0.600889
574.0000 0.601111
572.0000 0.601884
570.0000 0.602334
568.0000 0.602871
566.0000 0.603144
564.0000 0.603484
562.0000 0.604084
560.0000 0.604718
558.0000 0.604963
556.0000 0.605331
554.0000 0.605747
552.0000 0.606278
550.0000 0.606769
548.0000 0.607256
546.0000 0.607708
544.0000 0.608001
542.0000 0.608422
540.0000 0.609171
538.0000 0.609747
536.0000 0.61038
534.0000 0.610402
532.0000 0.611027
530.0000 0.611353
528.0000 0.611514
526.0000 0.611958
524.0000 0.612162
522.0000 0.613016
520.0000 0.613543
518.0000 0.613766
516.0000 0.613776
514.0000 0.614212
512.0000 0.614625
510.0000 0.615153
508.0000 0.61582
506.0000 0.616254
504.0000 0.616991
502.0000 0.617233
500.0000 0.617533
498.0000 0.617605
496.0000 0.617893
494.0000 0.618269
492.0000 0.618871
490.0000 0.619476
488.0000 0.619705
486.0000 0.619954
484.0000 0.620246
482.0000 0.620673
480.0000 0.621074
478.0000 0.621211
476.0000 0.621807
474.0000 0.622237
472.0000 0.622835
470.0000 0.622984
468.0000 0.62352
466.0000 0.623824
464.0000 0.624133
462.0000 0.624151
460.0000 0.624443
458.0000 0.624154
456.0000 0.624255
454.0000 0.624418
452.0000 0.624958
450.0000 0.625433
448.0000 0.62578
446.0000 0.625846
444.0000 0.625847
442.0000 0.626131
440.0000 0.626281
438.0000 0.626835
436.0000 0.626613
434.0000 0.626833
432.0000 0.626374
430.0000 0.626511
428.0000 0.626184
426.0000 0.62679
424.0000 0.626827
422.0000 0.62731
420.0000 0.627123
418.0000 0.627048
416.0000 0.627314
414.0000 0.626304
412.0000 0.626469
410.0000 0.625699
408.0000 0.626284
406.0000 0.62582
404.0000 0.626316
402.0000 0.626122
400.0000 0.626411
398.0000 0.626069
396.0000 0.625674
394.0000 0.625203
392.0000 0.624603
390.0000 0.623749
388.0000 0.624276
386.0000 0.62372
384.0000 0.622162
382.0000 0.621573
380.0000 0.621485
378.0000 0.622582
376.0000 0.621156
374.0000 0.620784
372.0000 0.619937
370.0000 0.621097
368.0000 0.621265
366.0000 0.623195
364.0000 0.621613
362.0000 0.621505
360.0000 0.621561
358.0000 0.620692
356.0000 0.619384
354.0000 0.618404
352.0000 0.617387
350.0000 0.617183
348.0000 0.620078
346.0000 0.621399
344.0000 0.618544
342.0000 0.617754
340.0000 0.615547
338.0000 0.616118
336.0000 0.617688
334.0000 0.61792
332.0000 0.616461
330.0000 0.614767
328.0000 0.613926
326.0000 0.613661
324.0000 0.615164
322.0000 0.613497
320.0000 0.611618
318.0000 0.609683
316.0000 0.606244
314.0000 0.605496
312.0000 0.602091
310.0000 0.601235
308.0000 0.599254
306.0000 0.59719
304.0000 0.592307
302.0000 0.58738
300.0000 0.582725
